>TTCCAGGAAATG	9-TTCCAGGAAATG	9.494301	-49.955454	0	T:198.0(4.48%),B:944.3(2.09%),P:1e-21
0.034	0.076	0.036	0.854
0.055	0.030	0.076	0.839
0.089	0.798	0.068	0.045
0.035	0.901	0.015	0.049
0.827	0.020	0.020	0.133
0.046	0.020	0.903	0.031
0.026	0.044	0.845	0.085
0.824	0.074	0.060	0.042
0.902	0.024	0.039	0.035
0.705	0.141	0.067	0.087
0.050	0.009	0.085	0.856
0.066	0.114	0.751	0.069
