>GAAAGTGAAAST	1-ASTTTCACTTTC	10.100271	-9965.330112	0	T:3114.0(70.53%),B:788.3(1.74%),P:1e-4327
0.197	0.049	0.686	0.068
0.834	0.035	0.087	0.044
0.886	0.026	0.041	0.047
0.916	0.017	0.029	0.038
0.160	0.305	0.487	0.048
0.131	0.105	0.054	0.710
0.151	0.025	0.798	0.026
0.891	0.034	0.048	0.027
0.893	0.037	0.030	0.040
0.882	0.023	0.048	0.047
0.044	0.424	0.486	0.046
0.131	0.272	0.064	0.533
