>CCTGGCAACCAC	7-GTGGTTGCCAGG	11.297357	-60.381901	0	T:55.0(1.25%),B:85.5(0.19%),P:1e-26
0.024	0.951	0.001	0.024
0.018	0.720	0.001	0.261
0.001	0.001	0.048	0.950
0.244	0.024	0.684	0.048
0.037	0.018	0.921	0.024
0.063	0.787	0.025	0.125
0.744	0.026	0.001	0.229
0.706	0.210	0.024	0.060
0.039	0.748	0.117	0.096
0.139	0.570	0.001	0.290
0.668	0.242	0.048	0.042
0.025	0.627	0.024	0.324
