>GGACATTATGCT	10-GGACATTATGCT,BestGuess:PGR(NR)/EndoStromal-PGR-ChIP-Seq(GSE69539)/Homer(0.624)	10.067740	-48.744141	0	T:69.0(1.56%),B:171.8(0.38%),P:1e-21
0.054	0.031	0.821	0.094
0.048	0.072	0.753	0.127
0.873	0.065	0.001	0.061
0.048	0.751	0.118	0.083
0.816	0.088	0.013	0.083
0.011	0.044	0.026	0.919
0.070	0.062	0.049	0.819
0.847	0.069	0.035	0.049
0.092	0.018	0.053	0.837
0.044	0.034	0.887	0.035
0.049	0.816	0.070	0.065
0.061	0.070	0.001	0.868
