>AACTGAAA	1-AACTGAAA	6.436491	-853.227657	0	T:878.0(87.80%),B:12693.0(25.96%),P:1e-370	Tpos:358.0,Tstd:239.9,Bpos:321.8,Bstd:204.7,StrandBias:0.0,Multiplicity:1.41
0.997	0.001	0.001	0.001
0.997	0.001	0.001	0.001
0.287	0.699	0.013	0.001
0.001	0.252	0.001	0.746
0.001	0.001	0.997	0.001
0.997	0.001	0.001	0.001
0.997	0.001	0.001	0.001
0.997	0.001	0.001	0.001
>TCACTTTC	2-TCACTTTC	5.548363	-797.440139	0	T:637.0(63.70%),B:5373.4(10.99%),P:1e-346	Tpos:335.4,Tstd:212.4,Bpos:322.1,Bstd:213.5,StrandBias:-0.1,Multiplicity:1.22
0.001	0.001	0.001	0.997
0.001	0.997	0.001	0.001
0.984	0.001	0.014	0.001
0.001	0.713	0.285	0.001
0.001	0.001	0.001	0.997
0.001	0.001	0.001	0.997
0.001	0.001	0.001	0.997
0.001	0.997	0.001	0.001
>TTGCTTTC	3-TTGCTTTC	6.751127	-140.416875	0	T:524.0(52.40%),B:13463.6(27.53%),P:1e-60	Tpos:365.2,Tstd:284.2,Bpos:322.1,Bstd:210.3,StrandBias:0.1,Multiplicity:1.29
0.001	0.001	0.001	0.997
0.131	0.001	0.001	0.867
0.192	0.001	0.806	0.001
0.001	0.839	0.159	0.001
0.001	0.001	0.004	0.994
0.089	0.099	0.001	0.811
0.043	0.001	0.001	0.955
0.001	0.997	0.001	0.001
>TCTGTTTC	4-TCTGTTTC	7.198064	-66.131539	0	T:414.0(41.40%),B:12288.2(25.13%),P:1e-28	Tpos:375.3,Tstd:265.7,Bpos:323.6,Bstd:209.6,StrandBias:0.1,Multiplicity:1.32
0.001	0.001	0.001	0.997
0.001	0.905	0.093	0.001
0.001	0.036	0.001	0.962
0.001	0.186	0.812	0.001
0.001	0.001	0.143	0.855
0.001	0.001	0.001	0.997
0.001	0.001	0.001	0.997
0.088	0.910	0.001	0.001
>TGCTGCTC	5-TGCTGCTC	7.087252	-29.824403	0	T:327.0(32.70%),B:11017.8(22.53%),P:1e-12	Tpos:386.2,Tstd:291.0,Bpos:318.6,Bstd:213.2,StrandBias:-0.1,Multiplicity:1.25
0.072	0.001	0.036	0.891
0.031	0.124	0.715	0.130
0.029	0.921	0.049	0.001
0.059	0.004	0.001	0.936
0.038	0.039	0.827	0.096
0.029	0.844	0.001	0.126
0.001	0.068	0.033	0.898
0.001	0.997	0.001	0.001
>WGCTTAGC	6-WGCTTAGC	6.760267	-28.316730	0	T:345.0(34.50%),B:11927.8(24.39%),P:1e-12	Tpos:381.1,Tstd:302.1,Bpos:323.5,Bstd:211.8,StrandBias:-0.1,Multiplicity:1.24
0.383	0.002	0.107	0.508
0.237	0.001	0.761	0.001
0.144	0.704	0.151	0.001
0.001	0.040	0.001	0.958
0.001	0.165	0.224	0.610
0.823	0.001	0.001	0.175
0.142	0.001	0.856	0.001
0.141	0.733	0.001	0.125
>GTCTACTG	7-GTCTACTG	7.026360	-20.116985	0	T:263.0(26.30%),B:9124.5(18.66%),P:1e-8	Tpos:401.7,Tstd:299.9,Bpos:324.5,Bstd:211.6,StrandBias:0.0,Multiplicity:1.18
0.042	0.059	0.795	0.104
0.001	0.112	0.001	0.886
0.001	0.972	0.001	0.026
0.215	0.075	0.001	0.709
0.856	0.001	0.048	0.095
0.033	0.816	0.074	0.077
0.001	0.001	0.001	0.997
0.001	0.036	0.962	0.001
>ATGAGTCA	8-ATGAGTCA	7.567951	-17.676526	0	T:206.0(20.60%),B:6934.7(14.18%),P:1e-7	Tpos:374.1,Tstd:286.0,Bpos:326.0,Bstd:209.2,StrandBias:0.1,Multiplicity:1.15
0.893	0.001	0.001	0.105
0.001	0.001	0.001	0.997
0.001	0.001	0.997	0.001
0.997	0.001	0.001	0.001
0.001	0.148	0.650	0.201
0.001	0.001	0.167	0.831
0.001	0.997	0.001	0.001
0.997	0.001	0.001	0.001
>MCTGYCAG	9-MCTGYCAG	7.061330	-17.215102	0	T:353.0(35.30%),B:13418.2(27.44%),P:1e-7	Tpos:371.5,Tstd:282.3,Bpos:326.0,Bstd:209.0,StrandBias:-0.0,Multiplicity:1.34
0.394	0.374	0.231	0.001
0.001	0.997	0.001	0.001
0.283	0.038	0.001	0.678
0.001	0.001	0.997	0.001
0.001	0.418	0.151	0.430
0.001	0.896	0.102	0.001
0.935	0.001	0.001	0.063
0.001	0.186	0.812	0.001
>CGCATCTC	10-CGCATCTC	7.927187	-16.535813	0	T:56.0(5.60%),B:1241.8(2.54%),P:1e-7	Tpos:281.7,Tstd:218.6,Bpos:313.4,Bstd:204.3,StrandBias:0.7,Multiplicity:1.00
0.001	0.847	0.151	0.001
0.001	0.001	0.997	0.001
0.126	0.872	0.001	0.001
0.610	0.001	0.021	0.368
0.192	0.001	0.001	0.806
0.001	0.894	0.104	0.001
0.050	0.001	0.042	0.907
0.001	0.997	0.001	0.001
>AGTACTGT	11-AGTACTGT	7.097982	-14.582004	0	T:250.0(25.00%),B:9134.4(18.68%),P:1e-6	Tpos:370.4,Tstd:292.6,Bpos:324.2,Bstd:210.3,StrandBias:0.1,Multiplicity:1.22
0.924	0.001	0.020	0.055
0.234	0.023	0.627	0.116
0.059	0.029	0.042	0.870
0.895	0.025	0.038	0.042
0.028	0.824	0.127	0.021
0.048	0.001	0.001	0.950
0.001	0.021	0.977	0.001
0.054	0.015	0.001	0.930
>CCTAAGGC	12-CCTAAGGC	5.827397	-14.085519	0	T:383.0(38.30%),B:15202.5(31.09%),P:1e-6	Tpos:383.0,Tstd:291.6,Bpos:325.1,Bstd:204.7,StrandBias:-0.1,Multiplicity:1.32
0.197	0.580	0.107	0.116
0.124	0.771	0.042	0.063
0.048	0.065	0.031	0.856
0.638	0.151	0.096	0.115
0.747	0.049	0.096	0.108
0.058	0.018	0.794	0.130
0.009	0.080	0.863	0.048
0.070	0.762	0.122	0.046
