>TTTCRSTTTC	1-TTTCRSTTTC	8.982186	-299.883061	0	T:312.0(31.87%),B:3019.4(6.23%),P:1e-130	Tpos:498.5,Tstd:325.1,Bpos:308.3,Bstd:179.7,StrandBias:-0.2,Multiplicity:1.29
0.065	0.017	0.039	0.879
0.001	0.012	0.001	0.986
0.013	0.009	0.001	0.977
0.016	0.790	0.023	0.171
0.455	0.001	0.353	0.191
0.046	0.485	0.369	0.101
0.038	0.036	0.096	0.830
0.049	0.013	0.024	0.914
0.001	0.067	0.025	0.907
0.015	0.788	0.026	0.171
>GCTGTTTGCT	2-GCTGTTTGCT	8.206437	-40.078522	0	T:169.0(17.26%),B:4163.4(8.58%),P:1e-17	Tpos:466.9,Tstd:342.0,Bpos:307.5,Bstd:184.9,StrandBias:0.2,Multiplicity:1.12
0.132	0.138	0.560	0.170
0.098	0.643	0.120	0.139
0.001	0.001	0.001	0.997
0.102	0.069	0.828	0.001
0.001	0.067	0.204	0.728
0.041	0.051	0.001	0.907
0.086	0.001	0.024	0.889
0.030	0.181	0.788	0.001
0.050	0.756	0.072	0.122
0.033	0.059	0.001	0.907
>CCTATTTACT	3-CCTATTTACT	9.284885	-35.735392	0	T:54.0(5.52%),B:704.8(1.45%),P:1e-15	Tpos:443.8,Tstd:461.5,Bpos:309.5,Bstd:171.3,StrandBias:-0.3,Multiplicity:1.02
0.001	0.985	0.001	0.013
0.052	0.946	0.001	0.001
0.020	0.104	0.100	0.776
0.955	0.001	0.032	0.012
0.001	0.001	0.092	0.906
0.001	0.001	0.001	0.997
0.001	0.001	0.037	0.961
0.747	0.098	0.058	0.097
0.001	0.997	0.001	0.001
0.105	0.001	0.001	0.893
>TGTCAGCAGA	4-TGTCAGCAGA	7.638267	-35.652616	0	T:194.0(19.82%),B:5303.8(10.94%),P:1e-15	Tpos:439.4,Tstd:364.4,Bpos:303.9,Bstd:188.3,StrandBias:0.1,Multiplicity:1.15
0.081	0.010	0.001	0.908
0.043	0.183	0.773	0.001
0.058	0.001	0.088	0.853
0.101	0.676	0.222	0.001
0.905	0.065	0.001	0.029
0.001	0.001	0.986	0.012
0.028	0.826	0.127	0.019
0.782	0.001	0.193	0.024
0.036	0.152	0.526	0.286
0.780	0.108	0.001	0.111
>TCATTAGCAG	5-TCATTAGCAG	6.683134	-34.735906	0	T:332.0(33.91%),B:11003.6(22.69%),P:1e-15	Tpos:440.0,Tstd:343.6,Bpos:305.2,Bstd:184.7,StrandBias:-0.1,Multiplicity:1.42
0.097	0.057	0.058	0.788
0.100	0.769	0.050	0.081
0.854	0.083	0.007	0.056
0.105	0.065	0.058	0.772
0.098	0.107	0.034	0.761
0.853	0.026	0.034	0.087
0.089	0.028	0.775	0.108
0.027	0.823	0.082	0.068
0.852	0.033	0.023	0.092
0.078	0.053	0.763	0.106
>YAKGGWTAAT	6-YAKGGWTAAT	8.163990	-33.640383	0	T:148.0(15.12%),B:3702.6(7.63%),P:1e-14	Tpos:421.0,Tstd:339.1,Bpos:307.8,Bstd:176.8,StrandBias:0.1,Multiplicity:1.12
0.001	0.538	0.001	0.460
0.997	0.001	0.001	0.001
0.132	0.002	0.456	0.410
0.228	0.001	0.770	0.001
0.307	0.001	0.691	0.001
0.496	0.138	0.001	0.365
0.001	0.203	0.001	0.795
0.707	0.001	0.001	0.291
0.997	0.001	0.001	0.001
0.278	0.001	0.001	0.720
>TTCCCGGAAA	7-TTCCCGGAAA	6.296247	-32.798397	0	T:152.0(15.53%),B:3886.1(8.01%),P:1e-14	Tpos:446.6,Tstd:330.1,Bpos:310.9,Bstd:178.4,StrandBias:-0.3,Multiplicity:1.10
0.111	0.150	0.088	0.651
0.082	0.158	0.121	0.639
0.158	0.624	0.158	0.060
0.028	0.624	0.152	0.196
0.208	0.436	0.131	0.225
0.187	0.081	0.561	0.171
0.173	0.093	0.535	0.199
0.662	0.144	0.056	0.138
0.552	0.093	0.214	0.141
0.553	0.151	0.140	0.156
>CATCTGTTAC	8-CATCTGTTAC	7.263130	-31.252715	0	T:195.0(19.92%),B:5590.2(11.53%),P:1e-13	Tpos:398.7,Tstd:323.9,Bpos:308.1,Bstd:185.2,StrandBias:-0.1,Multiplicity:1.14
0.128	0.836	0.003	0.033
0.965	0.030	0.001	0.004
0.100	0.073	0.145	0.682
0.039	0.591	0.169	0.201
0.036	0.001	0.041	0.922
0.055	0.043	0.901	0.001
0.110	0.126	0.064	0.700
0.140	0.054	0.008	0.798
0.808	0.096	0.006	0.090
0.001	0.809	0.062	0.128
>ACTGCCCTCT	9-ACTGCCCTCT	8.075172	-27.230378	0	T:102.0(10.42%),B:2372.0(4.89%),P:1e-11	Tpos:393.8,Tstd:401.2,Bpos:311.8,Bstd:181.9,StrandBias:0.1,Multiplicity:1.09
0.935	0.001	0.063	0.001
0.247	0.627	0.125	0.001
0.022	0.155	0.001	0.822
0.001	0.001	0.997	0.001
0.001	0.917	0.001	0.081
0.001	0.926	0.001	0.072
0.049	0.942	0.008	0.001
0.001	0.096	0.001	0.902
0.009	0.944	0.046	0.001
0.001	0.088	0.150	0.761
>TCCGTTTATT	10-TCCGTTTATT	7.593896	-26.575867	0	T:91.0(9.30%),B:2028.7(4.18%),P:1e-11	Tpos:469.8,Tstd:345.8,Bpos:313.4,Bstd:176.9,StrandBias:-0.3,Multiplicity:1.10
0.075	0.051	0.164	0.710
0.072	0.765	0.087	0.076
0.076	0.758	0.079	0.087
0.115	0.112	0.734	0.039
0.004	0.005	0.045	0.946
0.107	0.045	0.099	0.749
0.080	0.037	0.065	0.818
0.883	0.047	0.027	0.043
0.021	0.074	0.042	0.863
0.015	0.093	0.102	0.790
>GTCATTAATC	11-GTCATTAATC	9.561377	-25.493247	0	T:39.0(3.98%),B:521.5(1.08%),P:1e-11	Tpos:374.1,Tstd:284.6,Bpos:319.4,Bstd:178.7,StrandBias:-0.2,Multiplicity:1.03
0.001	0.001	0.997	0.001
0.001	0.115	0.023	0.861
0.001	0.869	0.001	0.129
0.997	0.001	0.001	0.001
0.407	0.001	0.001	0.591
0.218	0.001	0.001	0.780
0.997	0.001	0.001	0.001
0.811	0.088	0.100	0.001
0.001	0.124	0.141	0.734
0.001	0.891	0.001	0.107
>TAAATGGCTS	12-TAAATGGCTS	7.987064	-20.492037	0	T:72.0(7.35%),B:1633.9(3.37%),P:1e-8	Tpos:423.8,Tstd:416.8,Bpos:303.8,Bstd:184.1,StrandBias:-0.5,Multiplicity:1.13
0.004	0.156	0.080	0.760
0.867	0.010	0.024	0.099
0.518	0.104	0.232	0.146
0.731	0.058	0.064	0.147
0.114	0.034	0.045	0.807
0.101	0.001	0.789	0.109
0.281	0.065	0.562	0.092
0.136	0.656	0.041	0.167
0.107	0.011	0.001	0.881
0.116	0.414	0.385	0.085
>CGCGGGCTGG	13-CGCGGGCTGG	9.230235	-19.095324	0	T:37.0(3.78%),B:600.3(1.24%),P:1e-8	Tpos:653.9,Tstd:508.1,Bpos:305.6,Bstd:190.8,StrandBias:0.7,Multiplicity:1.22
0.267	0.641	0.030	0.062
0.001	0.076	0.922	0.001
0.001	0.958	0.001	0.040
0.001	0.061	0.899	0.039
0.001	0.001	0.997	0.001
0.001	0.063	0.935	0.001
0.001	0.997	0.001	0.001
0.001	0.001	0.001	0.997
0.001	0.001	0.997	0.001
0.001	0.126	0.732	0.141
>ATGACCGTTT	14-ATGACCGTTT	7.818920	-19.062432	0	T:44.0(4.49%),B:799.0(1.65%),P:1e-8	Tpos:401.2,Tstd:314.9,Bpos:311.5,Bstd:187.1,StrandBias:-0.5,Multiplicity:1.07
0.809	0.097	0.013	0.081
0.038	0.021	0.127	0.814
0.072	0.048	0.803	0.077
0.781	0.035	0.051	0.133
0.105	0.719	0.057	0.119
0.085	0.767	0.048	0.100
0.031	0.086	0.781	0.102
0.103	0.063	0.085	0.749
0.121	0.007	0.024	0.848
0.021	0.030	0.005	0.944
>GGTAGTCGTG	15-GGTAGTCGTG	10.296193	-16.054813	0	T:4.0(0.41%),B:2.8(0.01%),P:1e-6	Tpos:236.2,Tstd:112.2,Bpos:301.3,Bstd:109.2,StrandBias:0.0,Multiplicity:1.00
0.100	0.100	0.700	0.100
0.100	0.100	0.700	0.100
0.100	0.100	0.100	0.700
0.700	0.100	0.100	0.100
0.100	0.100	0.700	0.100
0.100	0.100	0.100	0.700
0.100	0.700	0.100	0.100
0.100	0.100	0.700	0.100
0.100	0.100	0.100	0.700
0.100	0.100	0.700	0.100
>GCCGACACGC	16-GCCGACACGC	10.296193	-16.054813	0	T:4.0(0.41%),B:2.7(0.01%),P:1e-6	Tpos:236.2,Tstd:87.1,Bpos:326.9,Bstd:183.9,StrandBias:0.0,Multiplicity:1.00
0.100	0.100	0.700	0.100
0.100	0.700	0.100	0.100
0.100	0.700	0.100	0.100
0.100	0.100	0.700	0.100
0.700	0.100	0.100	0.100
0.100	0.700	0.100	0.100
0.700	0.100	0.100	0.100
0.100	0.700	0.100	0.100
0.100	0.100	0.700	0.100
0.100	0.700	0.100	0.100
>TAGACGTCCA	17-TAGACGTCCA	11.095488	-15.587306	0	T:7.0(0.72%),B:19.8(0.04%),P:1e-6	Tpos:171.4,Tstd:184.6,Bpos:332.5,Bstd:182.8,StrandBias:1.3,Multiplicity:1.00
0.001	0.001	0.001	0.997
0.997	0.001	0.001	0.001
0.275	0.001	0.723	0.001
0.997	0.001	0.001	0.001
0.001	0.997	0.001	0.001
0.001	0.001	0.997	0.001
0.234	0.001	0.001	0.764
0.001	0.997	0.001	0.001
0.001	0.997	0.001	0.001
0.997	0.001	0.001	0.001
>ACGGCTTTCG	18-ACGGCTTTCG	10.296193	-14.449009	0	T:4.0(0.41%),B:3.9(0.01%),P:1e-6	Tpos:334.2,Tstd:179.5,Bpos:279.5,Bstd:223.8,StrandBias:1.6,Multiplicity:1.00
0.700	0.100	0.100	0.100
0.100	0.700	0.100	0.100
0.100	0.100	0.700	0.100
0.100	0.100	0.700	0.100
0.100	0.700	0.100	0.100
0.100	0.100	0.100	0.700
0.100	0.100	0.100	0.700
0.100	0.100	0.100	0.700
0.100	0.700	0.100	0.100
0.100	0.100	0.700	0.100
>GCAAGCCTAA	19-GCAAGCCTAA	7.609891	-14.315948	0	T:36.0(3.68%),B:699.0(1.44%),P:1e-6	Tpos:280.8,Tstd:246.7,Bpos:308.8,Bstd:176.1,StrandBias:0.1,Multiplicity:1.08
0.148	0.132	0.646	0.074
0.234	0.612	0.102	0.052
0.622	0.257	0.047	0.074
0.669	0.022	0.171	0.138
0.165	0.048	0.617	0.170
0.173	0.521	0.155	0.151
0.225	0.590	0.004	0.181
0.235	0.030	0.041	0.694
0.630	0.132	0.180	0.058
0.893	0.041	0.042	0.024
>TTCTCAGTCC	20-TTCTCAGTCC	10.296193	-12.322598	0	T:11.0(1.12%),B:94.0(0.19%),P:1e-5	Tpos:316.2,Tstd:196.6,Bpos:285.9,Bstd:201.6,StrandBias:0.6,Multiplicity:1.00
0.100	0.100	0.100	0.700
0.100	0.100	0.100	0.700
0.100	0.700	0.100	0.100
0.100	0.100	0.100	0.700
0.100	0.700	0.100	0.100
0.700	0.100	0.100	0.100
0.100	0.100	0.700	0.100
0.100	0.100	0.100	0.700
0.100	0.700	0.100	0.100
0.100	0.700	0.100	0.100
>CGCGCCCCCG	21-CGCGCCCCCG	6.310215	-11.760945	0	T:102.0(10.42%),B:3238.4(6.68%),P:1e-5	Tpos:466.6,Tstd:356.7,Bpos:303.1,Bstd:188.9,StrandBias:-0.2,Multiplicity:1.96
0.049	0.570	0.229	0.152
0.230	0.264	0.478	0.028
0.038	0.758	0.164	0.040
0.160	0.124	0.504	0.212
0.053	0.616	0.179	0.152
0.065	0.720	0.164	0.051
0.059	0.668	0.172	0.101
0.089	0.714	0.057	0.140
0.120	0.523	0.195	0.162
0.140	0.154	0.526	0.180
>CGGATGCTAG	22-CGGATGCTAG	5.287957	-11.453770	0	T:330.0(33.71%),B:13323.3(27.47%),P:1e-4	Tpos:446.9,Tstd:352.1,Bpos:307.7,Bstd:184.0,StrandBias:0.2,Multiplicity:1.45
0.001	0.958	0.001	0.040
0.001	0.071	0.628	0.300
0.083	0.078	0.814	0.025
0.569	0.043	0.331	0.057
0.003	0.154	0.113	0.730
0.071	0.358	0.544	0.027
0.050	0.701	0.071	0.178
0.001	0.093	0.144	0.762
0.751	0.096	0.057	0.096
0.076	0.044	0.794	0.086
>GACTGTGAGG	23-GACTGTGAGG	6.404373	-3.848465	0	T:415.0(42.39%),B:18995.6(39.17%),P:1e-1	Tpos:443.5,Tstd:364.0,Bpos:306.8,Bstd:184.0,StrandBias:0.2,Multiplicity:1.54
0.100	0.100	0.700	0.100
0.700	0.100	0.100	0.100
0.100	0.700	0.100	0.100
0.100	0.100	0.100	0.700
0.100	0.100	0.700	0.100
0.100	0.100	0.100	0.700
0.100	0.100	0.700	0.100
0.700	0.100	0.100	0.100
0.100	0.100	0.700	0.100
0.100	0.100	0.700	0.100
>ACACGGGTGG	24-ACACGGGTGG	6.404373	-3.606760	0	T:229.0(23.39%),B:10096.0(20.82%),P:1e-1	Tpos:456.3,Tstd:377.9,Bpos:303.8,Bstd:182.8,StrandBias:0.6,Multiplicity:1.32
0.700	0.100	0.100	0.100
0.100	0.700	0.100	0.100
0.700	0.100	0.100	0.100
0.100	0.700	0.100	0.100
0.100	0.100	0.700	0.100
0.100	0.100	0.700	0.100
0.100	0.100	0.700	0.100
0.100	0.100	0.100	0.700
0.100	0.100	0.700	0.100
0.100	0.100	0.700	0.100
>CGGGTCTAGA	25-CGGGTCTAGA	10.296193	-2.343320	0	T:1.0(0.10%),B:5.8(0.01%),P:1e-1	Tpos:371.0,Tstd:212.0,Bpos:228.1,Bstd:94.1,StrandBias:10.0,Multiplicity:16.00
0.100	0.700	0.100	0.100
0.100	0.100	0.700	0.100
0.100	0.100	0.700	0.100
0.100	0.100	0.700	0.100
0.100	0.100	0.100	0.700
0.100	0.700	0.100	0.100
0.100	0.100	0.100	0.700
0.700	0.100	0.100	0.100
0.100	0.100	0.700	0.100
0.700	0.100	0.100	0.100
>RSTTTCACTTTC	1-RSTTTCACTTTC	9.748702	-415.124672	0	T:292.0(29.83%),B:1667.8(3.44%),P:1e-180	Tpos:490.2,Tstd:328.3,Bpos:307.4,Bstd:176.1,StrandBias:-0.2,Multiplicity:1.23
0.479	0.099	0.330	0.092
0.074	0.406	0.482	0.039
0.001	0.060	0.001	0.938
0.001	0.001	0.001	0.997
0.001	0.017	0.001	0.981
0.001	0.941	0.001	0.057
0.774	0.041	0.099	0.086
0.020	0.591	0.223	0.166
0.001	0.021	0.001	0.977
0.027	0.027	0.001	0.945
0.001	0.001	0.001	0.997
0.097	0.632	0.106	0.165
>GAAAGCAAAAGC	2-GAAAGCAAAAGC	9.290654	-52.512199	0	T:127.0(12.97%),B:2332.0(4.81%),P:1e-22	Tpos:479.4,Tstd:379.7,Bpos:311.0,Bstd:183.0,StrandBias:0.3,Multiplicity:1.14
0.051	0.072	0.806	0.071
0.910	0.001	0.038	0.051
0.907	0.012	0.057	0.024
0.953	0.001	0.026	0.020
0.042	0.048	0.845	0.065
0.080	0.826	0.054	0.040
0.871	0.050	0.062	0.017
0.862	0.058	0.064	0.016
0.764	0.105	0.059	0.072
0.863	0.001	0.080	0.056
0.087	0.067	0.689	0.157
0.107	0.712	0.085	0.096
>GTTAATCATTAA	3-GTTAATCATTAA	8.525376	-41.372665	0	T:88.0(8.99%),B:1483.4(3.06%),P:1e-17	Tpos:378.4,Tstd:283.3,Bpos:306.2,Bstd:180.0,StrandBias:0.0,Multiplicity:1.06
0.067	0.055	0.768	0.110
0.061	0.044	0.039	0.856
0.020	0.051	0.037	0.892
0.848	0.092	0.025	0.035
0.917	0.001	0.039	0.043
0.113	0.041	0.057	0.789
0.052	0.655	0.188	0.105
0.855	0.047	0.025	0.073
0.030	0.001	0.076	0.893
0.025	0.113	0.025	0.837
0.843	0.045	0.017	0.095
0.857	0.040	0.042	0.061
>TTGCCTAGCAAC	4-TTGCCTAGCAAC	10.013861	-38.146973	0	T:40.0(4.09%),B:365.2(0.75%),P:1e-16	Tpos:407.8,Tstd:359.7,Bpos:301.7,Bstd:180.9,StrandBias:0.1,Multiplicity:1.00
0.001	0.107	0.005	0.887
0.001	0.001	0.001	0.997
0.115	0.146	0.658	0.081
0.001	0.997	0.001	0.001
0.001	0.912	0.001	0.086
0.095	0.132	0.001	0.772
0.851	0.001	0.147	0.001
0.115	0.115	0.707	0.063
0.001	0.736	0.163	0.100
0.641	0.170	0.063	0.126
0.997	0.001	0.001	0.001
0.001	0.839	0.052	0.108
>TTGGTCTGGCCA	5-TTGGTCTGGCCA	12.355432	-25.886700	0	T:6.0(0.61%),B:2.9(0.01%),P:1e-11	Tpos:339.2,Tstd:254.7,Bpos:142.4,Bstd:73.8,StrandBias:0.0,Multiplicity:1.00
0.100	0.100	0.100	0.700
0.100	0.100	0.100	0.700
0.100	0.100	0.700	0.100
0.100	0.100	0.700	0.100
0.100	0.100	0.100	0.700
0.100	0.700	0.100	0.100
0.100	0.100	0.100	0.700
0.100	0.100	0.700	0.100
0.100	0.100	0.700	0.100
0.100	0.700	0.100	0.100
0.100	0.700	0.100	0.100
0.700	0.100	0.100	0.100
>TTTCCCTTAAGC	6-TTTCCCTTAAGC	12.837302	-24.867036	0	T:12.0(1.23%),B:35.0(0.07%),P:1e-10	Tpos:349.5,Tstd:240.1,Bpos:288.8,Bstd:187.7,StrandBias:0.7,Multiplicity:1.08
0.001	0.001	0.294	0.704
0.001	0.001	0.001	0.997
0.001	0.001	0.001	0.997
0.001	0.997	0.001	0.001
0.355	0.643	0.001	0.001
0.001	0.997	0.001	0.001
0.004	0.085	0.001	0.910
0.001	0.001	0.001	0.997
0.934	0.001	0.064	0.001
0.997	0.001	0.001	0.001
0.001	0.001	0.997	0.001
0.001	0.740	0.001	0.258
>GTGATTTATGAC	7-GTGATTTATGAC	12.355432	-24.328288	0	T:5.0(0.51%),B:1.5(0.00%),P:1e-10	Tpos:274.4,Tstd:155.1,Bpos:343.4,Bstd:112.5,StrandBias:0.6,Multiplicity:1.00
0.100	0.100	0.700	0.100
0.100	0.100	0.100	0.700
0.100	0.100	0.700	0.100
0.700	0.100	0.100	0.100
0.100	0.100	0.100	0.700
0.100	0.100	0.100	0.700
0.100	0.100	0.100	0.700
0.700	0.100	0.100	0.100
0.100	0.100	0.100	0.700
0.100	0.100	0.700	0.100
0.700	0.100	0.100	0.100
0.100	0.700	0.100	0.100
>GAGGTTTGTGCA	8-GAGGTTTGTGCA	14.767503	-24.328288	0	T:5.0(0.51%),B:2.0(0.00%),P:1e-10	Tpos:237.8,Tstd:125.8,Bpos:353.1,Bstd:225.7,StrandBias:0.6,Multiplicity:1.00
0.001	0.001	0.997	0.001
0.997	0.001	0.001	0.001
0.001	0.001	0.809	0.189
0.001	0.001	0.997	0.001
0.156	0.001	0.001	0.842
0.001	0.001	0.001	0.997
0.001	0.001	0.001	0.997
0.001	0.001	0.997	0.001
0.001	0.001	0.001	0.997
0.001	0.001	0.997	0.001
0.001	0.997	0.001	0.001
0.997	0.001	0.001	0.001
>GGATTGAAACTT	9-GGATTGAAACTT	14.836390	-23.471091	0	T:6.0(0.61%),B:3.3(0.01%),P:1e-10	Tpos:424.8,Tstd:200.6,Bpos:313.7,Bstd:144.7,StrandBias:0.7,Multiplicity:1.33
0.001	0.001	0.997	0.001
0.001	0.001	0.997	0.001
0.997	0.001	0.001	0.001
0.001	0.001	0.001	0.997
0.001	0.001	0.001	0.997
0.171	0.001	0.827	0.001
0.997	0.001	0.001	0.001
0.997	0.001	0.001	0.001
0.997	0.001	0.001	0.001
0.001	0.997	0.001	0.001
0.001	0.001	0.001	0.997
0.001	0.001	0.001	0.997
>GTGCATGAGAAC	10-GTGCATGAGAAC	12.355432	-20.879276	0	T:5.0(0.51%),B:2.4(0.00%),P:1e-9	Tpos:195.0,Tstd:126.5,Bpos:279.3,Bstd:86.4,StrandBias:-0.6,Multiplicity:1.00
0.100	0.100	0.700	0.100
0.100	0.100	0.100	0.700
0.100	0.100	0.700	0.100
0.100	0.700	0.100	0.100
0.700	0.100	0.100	0.100
0.100	0.100	0.100	0.700
0.100	0.100	0.700	0.100
0.700	0.100	0.100	0.100
0.100	0.100	0.700	0.100
0.700	0.100	0.100	0.100
0.700	0.100	0.100	0.100
0.100	0.700	0.100	0.100
>GAGTTCACACGG	11-GAGTTCACACGG	12.355432	-20.879276	0	T:5.0(0.51%),B:2.8(0.01%),P:1e-9	Tpos:339.6,Tstd:156.3,Bpos:384.6,Bstd:32.3,StrandBias:2.0,Multiplicity:1.00
0.100	0.100	0.700	0.100
0.700	0.100	0.100	0.100
0.100	0.100	0.700	0.100
0.100	0.100	0.100	0.700
0.100	0.100	0.100	0.700
0.100	0.700	0.100	0.100
0.700	0.100	0.100	0.100
0.100	0.700	0.100	0.100
0.700	0.100	0.100	0.100
0.100	0.700	0.100	0.100
0.100	0.100	0.700	0.100
0.100	0.100	0.700	0.100
>GGGCAAAGGCAT	12-GGGCAAAGGCAT	12.355432	-18.868667	0	T:5.0(0.51%),B:3.5(0.01%),P:1e-8	Tpos:263.8,Tstd:98.2,Bpos:304.2,Bstd:203.2,StrandBias:-0.6,Multiplicity:1.00
0.100	0.100	0.700	0.100
0.100	0.100	0.700	0.100
0.100	0.100	0.700	0.100
0.100	0.700	0.100	0.100
0.700	0.100	0.100	0.100
0.700	0.100	0.100	0.100
0.700	0.100	0.100	0.100
0.100	0.100	0.700	0.100
0.100	0.100	0.700	0.100
0.100	0.700	0.100	0.100
0.700	0.100	0.100	0.100
0.100	0.100	0.100	0.700
>CCCTGGAGTATT	13-CCCTGGAGTATT	15.106373	-18.868667	0	T:5.0(0.51%),B:3.7(0.01%),P:1e-8	Tpos:236.8,Tstd:87.9,Bpos:275.8,Bstd:199.2,StrandBias:0.6,Multiplicity:1.00
0.001	0.997	0.001	0.001
0.001	0.997	0.001	0.001
0.001	0.997	0.001	0.001
0.001	0.001	0.001	0.997
0.001	0.001	0.997	0.001
0.001	0.001	0.997	0.001
0.997	0.001	0.001	0.001
0.001	0.001	0.997	0.001
0.001	0.001	0.001	0.997
0.997	0.001	0.001	0.001
0.001	0.001	0.001	0.997
0.001	0.224	0.001	0.774
>GACACTGATGTA	14-GACACTGATGTA	15.106373	-18.868667	0	T:5.0(0.51%),B:3.6(0.01%),P:1e-8	Tpos:234.8,Tstd:79.6,Bpos:196.6,Bstd:117.3,StrandBias:0.6,Multiplicity:1.00
0.001	0.001	0.997	0.001
0.997	0.001	0.001	0.001
0.001	0.997	0.001	0.001
0.997	0.001	0.001	0.001
0.001	0.997	0.001	0.001
0.001	0.001	0.001	0.997
0.001	0.001	0.997	0.001
0.997	0.001	0.001	0.001
0.001	0.001	0.001	0.997
0.224	0.001	0.774	0.001
0.001	0.001	0.001	0.997
0.997	0.001	0.001	0.001
>ACTTCCCCTGCT	15-ACTTCCCCTGCT	16.459765	-18.811335	0	T:4.0(0.41%),B:1.7(0.00%),P:1e-8	Tpos:236.2,Tstd:85.4,Bpos:159.5,Bstd:52.8,StrandBias:0.0,Multiplicity:1.00
0.997	0.001	0.001	0.001
0.001	0.997	0.001	0.001
0.001	0.001	0.001	0.997
0.001	0.001	0.001	0.997
0.001	0.867	0.001	0.131
0.001	0.997	0.001	0.001
0.001	0.997	0.001	0.001
0.001	0.997	0.001	0.001
0.001	0.001	0.001	0.997
0.001	0.001	0.997	0.001
0.001	0.997	0.001	0.001
0.001	0.001	0.001	0.997
>GTTGAGCCAGGC	16-GTTGAGCCAGGC	12.355432	-18.811335	0	T:4.0(0.41%),B:1.3(0.00%),P:1e-8	Tpos:236.2,Tstd:85.8,Bpos:132.0,Bstd:64.1,StrandBias:0.0,Multiplicity:1.00
0.100	0.100	0.700	0.100
0.100	0.100	0.100	0.700
0.100	0.100	0.100	0.700
0.100	0.100	0.700	0.100
0.700	0.100	0.100	0.100
0.100	0.100	0.700	0.100
0.100	0.700	0.100	0.100
0.100	0.700	0.100	0.100
0.700	0.100	0.100	0.100
0.100	0.100	0.700	0.100
0.100	0.100	0.700	0.100
0.100	0.700	0.100	0.100
>CTGTGTGAAGTA	17-CTGTGTGAAGTA	12.355432	-18.811335	0	T:4.0(0.41%),B:1.8(0.00%),P:1e-8	Tpos:236.2,Tstd:95.7,Bpos:498.3,Bstd:42.1,StrandBias:0.0,Multiplicity:1.00
0.100	0.700	0.100	0.100
0.100	0.100	0.100	0.700
0.100	0.100	0.700	0.100
0.100	0.100	0.100	0.700
0.100	0.100	0.700	0.100
0.100	0.100	0.100	0.700
0.100	0.100	0.700	0.100
0.700	0.100	0.100	0.100
0.700	0.100	0.100	0.100
0.100	0.100	0.700	0.100
0.100	0.100	0.100	0.700
0.700	0.100	0.100	0.100
>GGCAGCCTGTTC	18-GGCAGCCTGTTC	12.355432	-16.054813	0	T:4.0(0.41%),B:2.2(0.00%),P:1e-6	Tpos:236.2,Tstd:187.3,Bpos:385.4,Bstd:14.1,StrandBias:0.0,Multiplicity:1.00
0.100	0.100	0.700	0.100
0.100	0.100	0.700	0.100
0.100	0.700	0.100	0.100
0.700	0.100	0.100	0.100
0.100	0.100	0.700	0.100
0.100	0.700	0.100	0.100
0.100	0.700	0.100	0.100
0.100	0.100	0.100	0.700
0.100	0.100	0.700	0.100
0.100	0.100	0.100	0.700
0.100	0.100	0.100	0.700
0.100	0.700	0.100	0.100
>TCTCAGTCCACT	19-TCTCAGTCCACT	12.355432	-16.054813	0	T:4.0(0.41%),B:2.3(0.00%),P:1e-6	Tpos:236.2,Tstd:92.9,Bpos:203.3,Bstd:134.1,StrandBias:0.0,Multiplicity:1.00
0.100	0.100	0.100	0.700
0.100	0.700	0.100	0.100
0.100	0.100	0.100	0.700
0.100	0.700	0.100	0.100
0.700	0.100	0.100	0.100
0.100	0.100	0.700	0.100
0.100	0.100	0.100	0.700
0.100	0.700	0.100	0.100
0.100	0.700	0.100	0.100
0.700	0.100	0.100	0.100
0.100	0.700	0.100	0.100
0.100	0.100	0.100	0.700
>TACTGCCCTCTG	20-TACTGCCCTCTG	6.517702	-12.986962	0	T:459.0(46.88%),B:19211.8(39.61%),P:1e-5	Tpos:412.1,Tstd:324.8,Bpos:307.6,Bstd:183.7,StrandBias:0.1,Multiplicity:1.57
0.100	0.100	0.100	0.700
0.700	0.100	0.100	0.100
0.100	0.700	0.100	0.100
0.100	0.100	0.100	0.700
0.100	0.100	0.700	0.100
0.100	0.700	0.100	0.100
0.100	0.700	0.100	0.100
0.100	0.700	0.100	0.100
0.100	0.100	0.100	0.700
0.100	0.700	0.100	0.100
0.100	0.100	0.100	0.700
0.100	0.100	0.700	0.100
>TGAGGTGTGACT	21-TGAGGTGTGACT	13.788335	-5.780654	0	T:2.0(0.20%),B:4.7(0.01%),P:1e-2	Tpos:157.2,Tstd:88.4,Bpos:227.0,Bstd:129.6,StrandBias:10.0,Multiplicity:7.00
0.001	0.001	0.001	0.997
0.001	0.001	0.997	0.001
0.997	0.001	0.001	0.001
0.001	0.001	0.997	0.001
0.001	0.001	0.997	0.001
0.001	0.064	0.001	0.934
0.001	0.001	0.934	0.064
0.001	0.001	0.001	0.997
0.001	0.001	0.997	0.001
0.997	0.001	0.001	0.001
0.001	0.997	0.001	0.001
0.001	0.001	0.001	0.997
>GCCCGGGTCTAG	22-GCCCGGGTCTAG	10.409522	-5.749464	0	T:5.0(0.51%),B:48.6(0.10%),P:1e-2	Tpos:429.9,Tstd:273.3,Bpos:303.3,Bstd:176.6,StrandBias:3.2,Multiplicity:4.00
0.100	0.100	0.700	0.100
0.100	0.700	0.100	0.100
0.100	0.700	0.100	0.100
0.100	0.700	0.100	0.100
0.100	0.100	0.700	0.100
0.100	0.100	0.700	0.100
0.100	0.100	0.700	0.100
0.100	0.100	0.100	0.700
0.100	0.700	0.100	0.100
0.100	0.100	0.100	0.700
0.700	0.100	0.100	0.100
0.100	0.100	0.700	0.100
>GGGTGCTAGGAT	23-GGGTGCTAGGAT	12.355432	-3.912833	0	T:1.0(0.10%),B:1.2(0.00%),P:1e-1	Tpos:353.0,Tstd:212.0,Bpos:448.0,Bstd:0.0,StrandBias:10.0,Multiplicity:16.00
0.100	0.100	0.700	0.100
0.100	0.100	0.700	0.100
0.100	0.100	0.700	0.100
0.100	0.100	0.100	0.700
0.100	0.100	0.700	0.100
0.100	0.700	0.100	0.100
0.100	0.100	0.100	0.700
0.700	0.100	0.100	0.100
0.100	0.100	0.700	0.100
0.100	0.100	0.700	0.100
0.700	0.100	0.100	0.100
0.100	0.100	0.100	0.700
>ACACACACGGGT	24-ACACACACGGGT	12.355432	-3.229718	0	T:1.0(0.10%),B:2.8(0.01%),P:1e-1	Tpos:383.0,Tstd:212.0,Bpos:364.8,Bstd:185.9,StrandBias:10.0,Multiplicity:16.00
0.700	0.100	0.100	0.100
0.100	0.700	0.100	0.100
0.700	0.100	0.100	0.100
0.100	0.700	0.100	0.100
0.700	0.100	0.100	0.100
0.100	0.700	0.100	0.100
0.700	0.100	0.100	0.100
0.100	0.700	0.100	0.100
0.100	0.100	0.700	0.100
0.100	0.100	0.700	0.100
0.100	0.100	0.700	0.100
0.100	0.100	0.100	0.700
>GTGAGGCGTGGA	25-GTGAGGCGTGGA	12.355432	-3.229718	0	T:1.0(0.10%),B:2.7(0.01%),P:1e-1	Tpos:163.9,Tstd:62.5,Bpos:305.8,Bstd:161.8,StrandBias:10.0,Multiplicity:7.00
0.100	0.100	0.700	0.100
0.100	0.100	0.100	0.700
0.100	0.100	0.700	0.100
0.700	0.100	0.100	0.100
0.100	0.100	0.700	0.100
0.100	0.100	0.700	0.100
0.100	0.700	0.100	0.100
0.100	0.100	0.700	0.100
0.100	0.100	0.100	0.700
0.100	0.100	0.700	0.100
0.100	0.100	0.700	0.100
0.700	0.100	0.100	0.100
>TTTCACTT	1-TTTCACTT	6.353764	-156.402475	0	T:388.0(39.63%),B:7862.1(16.21%),P:1e-67	Tpos:492.4,Tstd:339.9,Bpos:308.5,Bstd:179.1,StrandBias:-0.1,Multiplicity:1.47
0.001	0.001	0.001	0.997
0.001	0.001	0.001	0.997
0.001	0.001	0.001	0.997
0.001	0.997	0.001	0.001
0.950	0.001	0.048	0.001
0.001	0.577	0.186	0.236
0.001	0.001	0.001	0.997
0.001	0.001	0.001	0.997
>GAAAGAGA	2-GAAAGAGA	8.593959	-36.694575	0	T:203.0(20.74%),B:5590.6(11.53%),P:1e-15	Tpos:468.4,Tstd:399.1,Bpos:308.6,Bstd:179.5,StrandBias:0.0,Multiplicity:1.19
0.001	0.001	0.997	0.001
0.997	0.001	0.001	0.001
0.997	0.001	0.001	0.001
0.852	0.027	0.001	0.120
0.001	0.299	0.699	0.001
0.997	0.001	0.001	0.001
0.001	0.001	0.997	0.001
0.997	0.001	0.001	0.001
>TGCTAAYG	3-TGCTAAYG	4.778773	-35.590574	0	T:528.0(53.93%),B:19917.8(41.07%),P:1e-15	Tpos:423.8,Tstd:321.0,Bpos:305.1,Bstd:185.6,StrandBias:-0.0,Multiplicity:1.72
0.195	0.022	0.001	0.782
0.015	0.001	0.983	0.001
0.001	0.980	0.018	0.001
0.233	0.001	0.001	0.765
0.909	0.001	0.089	0.001
0.997	0.001	0.001	0.001
0.001	0.478	0.001	0.520
0.191	0.001	0.780	0.028
>RTTAATCA	4-RTTAATCA	6.179942	-35.415430	0	T:351.0(35.85%),B:11777.2(24.28%),P:1e-15	Tpos:440.5,Tstd:335.1,Bpos:302.7,Bstd:180.3,StrandBias:-0.1,Multiplicity:1.42
0.516	0.001	0.422	0.061
0.046	0.289	0.153	0.512
0.001	0.058	0.147	0.794
0.780	0.001	0.001	0.218
0.639	0.211	0.001	0.149
0.051	0.031	0.142	0.776
0.180	0.508	0.140	0.172
0.894	0.001	0.104	0.001
>GTAAATAG	5-GTAAATAG	6.096066	-33.072197	0	T:270.0(27.58%),B:8495.3(17.52%),P:1e-14	Tpos:435.6,Tstd:387.4,Bpos:306.2,Bstd:181.9,StrandBias:0.1,Multiplicity:1.25
0.001	0.029	0.969	0.001
0.001	0.001	0.082	0.916
0.930	0.052	0.001	0.017
0.842	0.089	0.001	0.068
0.873	0.080	0.001	0.046
0.001	0.108	0.098	0.793
0.899	0.001	0.062	0.038
0.001	0.093	0.857	0.049
>GACTGTTA	6-GACTGTTA	7.427882	-15.584734	0	T:105.0(10.73%),B:3081.3(6.35%),P:1e-6	Tpos:509.4,Tstd:387.1,Bpos:305.8,Bstd:186.2,StrandBias:-0.3,Multiplicity:1.12
0.001	0.018	0.975	0.006
0.997	0.001	0.001	0.001
0.001	0.861	0.001	0.137
0.017	0.004	0.400	0.579
0.001	0.078	0.919	0.002
0.014	0.014	0.001	0.971
0.001	0.001	0.098	0.900
0.600	0.117	0.001	0.282
>CGGGTGCT	7-CGGGTGCT	1.628610	-13.247733	0	T:357.0(36.47%),B:14319.1(29.52%),P:1e-5	Tpos:460.3,Tstd:345.9,Bpos:306.9,Bstd:188.2,StrandBias:0.2,Multiplicity:1.46
0.001	0.997	0.001	0.001
0.001	0.001	0.997	0.001
0.001	0.001	0.997	0.001
0.001	0.001	0.912	0.086
0.001	0.001	0.001	0.997
0.001	0.001	0.918	0.080
0.001	0.997	0.001	0.001
0.001	0.001	0.001	0.997
>CTCACTRT	8-CTCACTRT	3.718284	-11.087547	0	T:175.0(17.88%),B:6368.6(13.13%),P:1e-4	Tpos:391.1,Tstd:333.2,Bpos:306.7,Bstd:183.2,StrandBias:-0.2,Multiplicity:1.24
0.001	0.997	0.001	0.001
0.001	0.001	0.001	0.997
0.001	0.997	0.001	0.001
0.997	0.001	0.001	0.001
0.001	0.997	0.001	0.001
0.358	0.001	0.001	0.640
0.519	0.001	0.479	0.001
0.001	0.001	0.001	0.997
>CCCGGCGC	9-CCCGGCGC	5.505873	-10.526985	0	T:230.0(23.49%),B:8873.6(18.30%),P:1e-4	Tpos:528.5,Tstd:404.5,Bpos:308.4,Bstd:193.9,StrandBias:-0.1,Multiplicity:3.34
0.003	0.854	0.031	0.112
0.001	0.796	0.133	0.070
0.048	0.721	0.184	0.047
0.060	0.113	0.744	0.083
0.001	0.172	0.806	0.021
0.171	0.655	0.156	0.018
0.047	0.065	0.660	0.228
0.108	0.767	0.091	0.034
>CGGGTCTA	10-CGGGTCTA	6.291044	-3.013014	0	T:108.0(11.03%),B:4566.2(9.41%),P:1e-1	Tpos:485.7,Tstd:337.0,Bpos:307.0,Bstd:184.1,StrandBias:0.3,Multiplicity:1.31
0.100	0.700	0.100	0.100
0.100	0.100	0.700	0.100
0.100	0.100	0.700	0.100
0.100	0.100	0.700	0.100
0.100	0.100	0.100	0.700
0.100	0.700	0.100	0.100
0.100	0.100	0.100	0.700
0.700	0.100	0.100	0.100
>ACGGGTGG	11-ACGGGTGG	8.236954	-2.823660	0	T:8.0(0.82%),B:205.9(0.42%),P:1e-1	Tpos:460.0,Tstd:260.7,Bpos:302.7,Bstd:187.0,StrandBias:2.7,Multiplicity:2.88
0.700	0.100	0.100	0.100
0.100	0.700	0.100	0.100
0.100	0.100	0.700	0.100
0.100	0.100	0.700	0.100
0.100	0.100	0.700	0.100
0.100	0.100	0.100	0.700
0.100	0.100	0.700	0.100
0.100	0.100	0.700	0.100
