>TTTCACTT	1-TTTCACTT	6.353764	-156.402475	0	T:388.0(39.63%),B:7862.1(16.21%),P:1e-67	Tpos:492.4,Tstd:339.9,Bpos:308.5,Bstd:179.1,StrandBias:-0.1,Multiplicity:1.47
0.001	0.001	0.001	0.997
0.001	0.001	0.001	0.997
0.001	0.001	0.001	0.997
0.001	0.997	0.001	0.001
0.950	0.001	0.048	0.001
0.001	0.577	0.186	0.236
0.001	0.001	0.001	0.997
0.001	0.001	0.001	0.997
>GAAAGAGA	2-GAAAGAGA	8.593959	-36.694575	0	T:203.0(20.74%),B:5590.6(11.53%),P:1e-15	Tpos:468.4,Tstd:399.1,Bpos:308.6,Bstd:179.5,StrandBias:0.0,Multiplicity:1.19
0.001	0.001	0.997	0.001
0.997	0.001	0.001	0.001
0.997	0.001	0.001	0.001
0.852	0.027	0.001	0.120
0.001	0.299	0.699	0.001
0.997	0.001	0.001	0.001
0.001	0.001	0.997	0.001
0.997	0.001	0.001	0.001
>TGCTAAYG	3-TGCTAAYG	4.778773	-35.590574	0	T:528.0(53.93%),B:19917.8(41.07%),P:1e-15	Tpos:423.8,Tstd:321.0,Bpos:305.1,Bstd:185.6,StrandBias:-0.0,Multiplicity:1.72
0.195	0.022	0.001	0.782
0.015	0.001	0.983	0.001
0.001	0.980	0.018	0.001
0.233	0.001	0.001	0.765
0.909	0.001	0.089	0.001
0.997	0.001	0.001	0.001
0.001	0.478	0.001	0.520
0.191	0.001	0.780	0.028
>RTTAATCA	4-RTTAATCA	6.179942	-35.415430	0	T:351.0(35.85%),B:11777.2(24.28%),P:1e-15	Tpos:440.5,Tstd:335.1,Bpos:302.7,Bstd:180.3,StrandBias:-0.1,Multiplicity:1.42
0.516	0.001	0.422	0.061
0.046	0.289	0.153	0.512
0.001	0.058	0.147	0.794
0.780	0.001	0.001	0.218
0.639	0.211	0.001	0.149
0.051	0.031	0.142	0.776
0.180	0.508	0.140	0.172
0.894	0.001	0.104	0.001
>GTAAATAG	5-GTAAATAG	6.096066	-33.072197	0	T:270.0(27.58%),B:8495.3(17.52%),P:1e-14	Tpos:435.6,Tstd:387.4,Bpos:306.2,Bstd:181.9,StrandBias:0.1,Multiplicity:1.25
0.001	0.029	0.969	0.001
0.001	0.001	0.082	0.916
0.930	0.052	0.001	0.017
0.842	0.089	0.001	0.068
0.873	0.080	0.001	0.046
0.001	0.108	0.098	0.793
0.899	0.001	0.062	0.038
0.001	0.093	0.857	0.049
>GACTGTTA	6-GACTGTTA	7.427882	-15.584734	0	T:105.0(10.73%),B:3081.3(6.35%),P:1e-6	Tpos:509.4,Tstd:387.1,Bpos:305.8,Bstd:186.2,StrandBias:-0.3,Multiplicity:1.12
0.001	0.018	0.975	0.006
0.997	0.001	0.001	0.001
0.001	0.861	0.001	0.137
0.017	0.004	0.400	0.579
0.001	0.078	0.919	0.002
0.014	0.014	0.001	0.971
0.001	0.001	0.098	0.900
0.600	0.117	0.001	0.282
>CGGGTGCT	7-CGGGTGCT	1.628610	-13.247733	0	T:357.0(36.47%),B:14319.1(29.52%),P:1e-5	Tpos:460.3,Tstd:345.9,Bpos:306.9,Bstd:188.2,StrandBias:0.2,Multiplicity:1.46
0.001	0.997	0.001	0.001
0.001	0.001	0.997	0.001
0.001	0.001	0.997	0.001
0.001	0.001	0.912	0.086
0.001	0.001	0.001	0.997
0.001	0.001	0.918	0.080
0.001	0.997	0.001	0.001
0.001	0.001	0.001	0.997
>CTCACTRT	8-CTCACTRT	3.718284	-11.087547	0	T:175.0(17.88%),B:6368.6(13.13%),P:1e-4	Tpos:391.1,Tstd:333.2,Bpos:306.7,Bstd:183.2,StrandBias:-0.2,Multiplicity:1.24
0.001	0.997	0.001	0.001
0.001	0.001	0.001	0.997
0.001	0.997	0.001	0.001
0.997	0.001	0.001	0.001
0.001	0.997	0.001	0.001
0.358	0.001	0.001	0.640
0.519	0.001	0.479	0.001
0.001	0.001	0.001	0.997
>CCCGGCGC	9-CCCGGCGC	5.505873	-10.526985	0	T:230.0(23.49%),B:8873.6(18.30%),P:1e-4	Tpos:528.5,Tstd:404.5,Bpos:308.4,Bstd:193.9,StrandBias:-0.1,Multiplicity:3.34
0.003	0.854	0.031	0.112
0.001	0.796	0.133	0.070
0.048	0.721	0.184	0.047
0.060	0.113	0.744	0.083
0.001	0.172	0.806	0.021
0.171	0.655	0.156	0.018
0.047	0.065	0.660	0.228
0.108	0.767	0.091	0.034
>CGGGTCTA	10-CGGGTCTA	6.291044	-3.013014	0	T:108.0(11.03%),B:4566.2(9.41%),P:1e-1	Tpos:485.7,Tstd:337.0,Bpos:307.0,Bstd:184.1,StrandBias:0.3,Multiplicity:1.31
0.100	0.700	0.100	0.100
0.100	0.100	0.700	0.100
0.100	0.100	0.700	0.100
0.100	0.100	0.700	0.100
0.100	0.100	0.100	0.700
0.100	0.700	0.100	0.100
0.100	0.100	0.100	0.700
0.700	0.100	0.100	0.100
>ACGGGTGG	11-ACGGGTGG	8.236954	-2.823660	0	T:8.0(0.82%),B:205.9(0.42%),P:1e-1	Tpos:460.0,Tstd:260.7,Bpos:302.7,Bstd:187.0,StrandBias:2.7,Multiplicity:2.88
0.700	0.100	0.100	0.100
0.100	0.700	0.100	0.100
0.100	0.100	0.700	0.100
0.100	0.100	0.700	0.100
0.100	0.100	0.700	0.100
0.100	0.100	0.100	0.700
0.100	0.100	0.700	0.100
0.100	0.100	0.700	0.100
