>TTTCRSTTTC	1-TTTCRSTTTC	8.982186	-299.883061	0	T:312.0(31.87%),B:3019.4(6.23%),P:1e-130	Tpos:498.5,Tstd:325.1,Bpos:308.3,Bstd:179.7,StrandBias:-0.2,Multiplicity:1.29
0.065	0.017	0.039	0.879
0.001	0.012	0.001	0.986
0.013	0.009	0.001	0.977
0.016	0.790	0.023	0.171
0.455	0.001	0.353	0.191
0.046	0.485	0.369	0.101
0.038	0.036	0.096	0.830
0.049	0.013	0.024	0.914
0.001	0.067	0.025	0.907
0.015	0.788	0.026	0.171
>GCTGTTTGCT	2-GCTGTTTGCT	8.206437	-40.078522	0	T:169.0(17.26%),B:4163.4(8.58%),P:1e-17	Tpos:466.9,Tstd:342.0,Bpos:307.5,Bstd:184.9,StrandBias:0.2,Multiplicity:1.12
0.132	0.138	0.560	0.170
0.098	0.643	0.120	0.139
0.001	0.001	0.001	0.997
0.102	0.069	0.828	0.001
0.001	0.067	0.204	0.728
0.041	0.051	0.001	0.907
0.086	0.001	0.024	0.889
0.030	0.181	0.788	0.001
0.050	0.756	0.072	0.122
0.033	0.059	0.001	0.907
>CCTATTTACT	3-CCTATTTACT	9.284885	-35.735392	0	T:54.0(5.52%),B:704.8(1.45%),P:1e-15	Tpos:443.8,Tstd:461.5,Bpos:309.5,Bstd:171.3,StrandBias:-0.3,Multiplicity:1.02
0.001	0.985	0.001	0.013
0.052	0.946	0.001	0.001
0.020	0.104	0.100	0.776
0.955	0.001	0.032	0.012
0.001	0.001	0.092	0.906
0.001	0.001	0.001	0.997
0.001	0.001	0.037	0.961
0.747	0.098	0.058	0.097
0.001	0.997	0.001	0.001
0.105	0.001	0.001	0.893
>TGTCAGCAGA	4-TGTCAGCAGA	7.638267	-35.652616	0	T:194.0(19.82%),B:5303.8(10.94%),P:1e-15	Tpos:439.4,Tstd:364.4,Bpos:303.9,Bstd:188.3,StrandBias:0.1,Multiplicity:1.15
0.081	0.010	0.001	0.908
0.043	0.183	0.773	0.001
0.058	0.001	0.088	0.853
0.101	0.676	0.222	0.001
0.905	0.065	0.001	0.029
0.001	0.001	0.986	0.012
0.028	0.826	0.127	0.019
0.782	0.001	0.193	0.024
0.036	0.152	0.526	0.286
0.780	0.108	0.001	0.111
>TCATTAGCAG	5-TCATTAGCAG	6.683134	-34.735906	0	T:332.0(33.91%),B:11003.6(22.69%),P:1e-15	Tpos:440.0,Tstd:343.6,Bpos:305.2,Bstd:184.7,StrandBias:-0.1,Multiplicity:1.42
0.097	0.057	0.058	0.788
0.100	0.769	0.050	0.081
0.854	0.083	0.007	0.056
0.105	0.065	0.058	0.772
0.098	0.107	0.034	0.761
0.853	0.026	0.034	0.087
0.089	0.028	0.775	0.108
0.027	0.823	0.082	0.068
0.852	0.033	0.023	0.092
0.078	0.053	0.763	0.106
>YAKGGWTAAT	6-YAKGGWTAAT	8.163990	-33.640383	0	T:148.0(15.12%),B:3702.6(7.63%),P:1e-14	Tpos:421.0,Tstd:339.1,Bpos:307.8,Bstd:176.8,StrandBias:0.1,Multiplicity:1.12
0.001	0.538	0.001	0.460
0.997	0.001	0.001	0.001
0.132	0.002	0.456	0.410
0.228	0.001	0.770	0.001
0.307	0.001	0.691	0.001
0.496	0.138	0.001	0.365
0.001	0.203	0.001	0.795
0.707	0.001	0.001	0.291
0.997	0.001	0.001	0.001
0.278	0.001	0.001	0.720
>TTCCCGGAAA	7-TTCCCGGAAA	6.296247	-32.798397	0	T:152.0(15.53%),B:3886.1(8.01%),P:1e-14	Tpos:446.6,Tstd:330.1,Bpos:310.9,Bstd:178.4,StrandBias:-0.3,Multiplicity:1.10
0.111	0.150	0.088	0.651
0.082	0.158	0.121	0.639
0.158	0.624	0.158	0.060
0.028	0.624	0.152	0.196
0.208	0.436	0.131	0.225
0.187	0.081	0.561	0.171
0.173	0.093	0.535	0.199
0.662	0.144	0.056	0.138
0.552	0.093	0.214	0.141
0.553	0.151	0.140	0.156
>CATCTGTTAC	8-CATCTGTTAC	7.263130	-31.252715	0	T:195.0(19.92%),B:5590.2(11.53%),P:1e-13	Tpos:398.7,Tstd:323.9,Bpos:308.1,Bstd:185.2,StrandBias:-0.1,Multiplicity:1.14
0.128	0.836	0.003	0.033
0.965	0.030	0.001	0.004
0.100	0.073	0.145	0.682
0.039	0.591	0.169	0.201
0.036	0.001	0.041	0.922
0.055	0.043	0.901	0.001
0.110	0.126	0.064	0.700
0.140	0.054	0.008	0.798
0.808	0.096	0.006	0.090
0.001	0.809	0.062	0.128
>ACTGCCCTCT	9-ACTGCCCTCT	8.075172	-27.230378	0	T:102.0(10.42%),B:2372.0(4.89%),P:1e-11	Tpos:393.8,Tstd:401.2,Bpos:311.8,Bstd:181.9,StrandBias:0.1,Multiplicity:1.09
0.935	0.001	0.063	0.001
0.247	0.627	0.125	0.001
0.022	0.155	0.001	0.822
0.001	0.001	0.997	0.001
0.001	0.917	0.001	0.081
0.001	0.926	0.001	0.072
0.049	0.942	0.008	0.001
0.001	0.096	0.001	0.902
0.009	0.944	0.046	0.001
0.001	0.088	0.150	0.761
>TCCGTTTATT	10-TCCGTTTATT	7.593896	-26.575867	0	T:91.0(9.30%),B:2028.7(4.18%),P:1e-11	Tpos:469.8,Tstd:345.8,Bpos:313.4,Bstd:176.9,StrandBias:-0.3,Multiplicity:1.10
0.075	0.051	0.164	0.710
0.072	0.765	0.087	0.076
0.076	0.758	0.079	0.087
0.115	0.112	0.734	0.039
0.004	0.005	0.045	0.946
0.107	0.045	0.099	0.749
0.080	0.037	0.065	0.818
0.883	0.047	0.027	0.043
0.021	0.074	0.042	0.863
0.015	0.093	0.102	0.790
>GTCATTAATC	11-GTCATTAATC	9.561377	-25.493247	0	T:39.0(3.98%),B:521.5(1.08%),P:1e-11	Tpos:374.1,Tstd:284.6,Bpos:319.4,Bstd:178.7,StrandBias:-0.2,Multiplicity:1.03
0.001	0.001	0.997	0.001
0.001	0.115	0.023	0.861
0.001	0.869	0.001	0.129
0.997	0.001	0.001	0.001
0.407	0.001	0.001	0.591
0.218	0.001	0.001	0.780
0.997	0.001	0.001	0.001
0.811	0.088	0.100	0.001
0.001	0.124	0.141	0.734
0.001	0.891	0.001	0.107
>TAAATGGCTS	12-TAAATGGCTS	7.987064	-20.492037	0	T:72.0(7.35%),B:1633.9(3.37%),P:1e-8	Tpos:423.8,Tstd:416.8,Bpos:303.8,Bstd:184.1,StrandBias:-0.5,Multiplicity:1.13
0.004	0.156	0.080	0.760
0.867	0.010	0.024	0.099
0.518	0.104	0.232	0.146
0.731	0.058	0.064	0.147
0.114	0.034	0.045	0.807
0.101	0.001	0.789	0.109
0.281	0.065	0.562	0.092
0.136	0.656	0.041	0.167
0.107	0.011	0.001	0.881
0.116	0.414	0.385	0.085
>CGCGGGCTGG	13-CGCGGGCTGG	9.230235	-19.095324	0	T:37.0(3.78%),B:600.3(1.24%),P:1e-8	Tpos:653.9,Tstd:508.1,Bpos:305.6,Bstd:190.8,StrandBias:0.7,Multiplicity:1.22
0.267	0.641	0.030	0.062
0.001	0.076	0.922	0.001
0.001	0.958	0.001	0.040
0.001	0.061	0.899	0.039
0.001	0.001	0.997	0.001
0.001	0.063	0.935	0.001
0.001	0.997	0.001	0.001
0.001	0.001	0.001	0.997
0.001	0.001	0.997	0.001
0.001	0.126	0.732	0.141
>ATGACCGTTT	14-ATGACCGTTT	7.818920	-19.062432	0	T:44.0(4.49%),B:799.0(1.65%),P:1e-8	Tpos:401.2,Tstd:314.9,Bpos:311.5,Bstd:187.1,StrandBias:-0.5,Multiplicity:1.07
0.809	0.097	0.013	0.081
0.038	0.021	0.127	0.814
0.072	0.048	0.803	0.077
0.781	0.035	0.051	0.133
0.105	0.719	0.057	0.119
0.085	0.767	0.048	0.100
0.031	0.086	0.781	0.102
0.103	0.063	0.085	0.749
0.121	0.007	0.024	0.848
0.021	0.030	0.005	0.944
>GGTAGTCGTG	15-GGTAGTCGTG	10.296193	-16.054813	0	T:4.0(0.41%),B:2.8(0.01%),P:1e-6	Tpos:236.2,Tstd:112.2,Bpos:301.3,Bstd:109.2,StrandBias:0.0,Multiplicity:1.00
0.100	0.100	0.700	0.100
0.100	0.100	0.700	0.100
0.100	0.100	0.100	0.700
0.700	0.100	0.100	0.100
0.100	0.100	0.700	0.100
0.100	0.100	0.100	0.700
0.100	0.700	0.100	0.100
0.100	0.100	0.700	0.100
0.100	0.100	0.100	0.700
0.100	0.100	0.700	0.100
>GCCGACACGC	16-GCCGACACGC	10.296193	-16.054813	0	T:4.0(0.41%),B:2.7(0.01%),P:1e-6	Tpos:236.2,Tstd:87.1,Bpos:326.9,Bstd:183.9,StrandBias:0.0,Multiplicity:1.00
0.100	0.100	0.700	0.100
0.100	0.700	0.100	0.100
0.100	0.700	0.100	0.100
0.100	0.100	0.700	0.100
0.700	0.100	0.100	0.100
0.100	0.700	0.100	0.100
0.700	0.100	0.100	0.100
0.100	0.700	0.100	0.100
0.100	0.100	0.700	0.100
0.100	0.700	0.100	0.100
>TAGACGTCCA	17-TAGACGTCCA	11.095488	-15.587306	0	T:7.0(0.72%),B:19.8(0.04%),P:1e-6	Tpos:171.4,Tstd:184.6,Bpos:332.5,Bstd:182.8,StrandBias:1.3,Multiplicity:1.00
0.001	0.001	0.001	0.997
0.997	0.001	0.001	0.001
0.275	0.001	0.723	0.001
0.997	0.001	0.001	0.001
0.001	0.997	0.001	0.001
0.001	0.001	0.997	0.001
0.234	0.001	0.001	0.764
0.001	0.997	0.001	0.001
0.001	0.997	0.001	0.001
0.997	0.001	0.001	0.001
>ACGGCTTTCG	18-ACGGCTTTCG	10.296193	-14.449009	0	T:4.0(0.41%),B:3.9(0.01%),P:1e-6	Tpos:334.2,Tstd:179.5,Bpos:279.5,Bstd:223.8,StrandBias:1.6,Multiplicity:1.00
0.700	0.100	0.100	0.100
0.100	0.700	0.100	0.100
0.100	0.100	0.700	0.100
0.100	0.100	0.700	0.100
0.100	0.700	0.100	0.100
0.100	0.100	0.100	0.700
0.100	0.100	0.100	0.700
0.100	0.100	0.100	0.700
0.100	0.700	0.100	0.100
0.100	0.100	0.700	0.100
>GCAAGCCTAA	19-GCAAGCCTAA	7.609891	-14.315948	0	T:36.0(3.68%),B:699.0(1.44%),P:1e-6	Tpos:280.8,Tstd:246.7,Bpos:308.8,Bstd:176.1,StrandBias:0.1,Multiplicity:1.08
0.148	0.132	0.646	0.074
0.234	0.612	0.102	0.052
0.622	0.257	0.047	0.074
0.669	0.022	0.171	0.138
0.165	0.048	0.617	0.170
0.173	0.521	0.155	0.151
0.225	0.590	0.004	0.181
0.235	0.030	0.041	0.694
0.630	0.132	0.180	0.058
0.893	0.041	0.042	0.024
>TTCTCAGTCC	20-TTCTCAGTCC	10.296193	-12.322598	0	T:11.0(1.12%),B:94.0(0.19%),P:1e-5	Tpos:316.2,Tstd:196.6,Bpos:285.9,Bstd:201.6,StrandBias:0.6,Multiplicity:1.00
0.100	0.100	0.100	0.700
0.100	0.100	0.100	0.700
0.100	0.700	0.100	0.100
0.100	0.100	0.100	0.700
0.100	0.700	0.100	0.100
0.700	0.100	0.100	0.100
0.100	0.100	0.700	0.100
0.100	0.100	0.100	0.700
0.100	0.700	0.100	0.100
0.100	0.700	0.100	0.100
>CGCGCCCCCG	21-CGCGCCCCCG	6.310215	-11.760945	0	T:102.0(10.42%),B:3238.4(6.68%),P:1e-5	Tpos:466.6,Tstd:356.7,Bpos:303.1,Bstd:188.9,StrandBias:-0.2,Multiplicity:1.96
0.049	0.570	0.229	0.152
0.230	0.264	0.478	0.028
0.038	0.758	0.164	0.040
0.160	0.124	0.504	0.212
0.053	0.616	0.179	0.152
0.065	0.720	0.164	0.051
0.059	0.668	0.172	0.101
0.089	0.714	0.057	0.140
0.120	0.523	0.195	0.162
0.140	0.154	0.526	0.180
>CGGATGCTAG	22-CGGATGCTAG	5.287957	-11.453770	0	T:330.0(33.71%),B:13323.3(27.47%),P:1e-4	Tpos:446.9,Tstd:352.1,Bpos:307.7,Bstd:184.0,StrandBias:0.2,Multiplicity:1.45
0.001	0.958	0.001	0.040
0.001	0.071	0.628	0.300
0.083	0.078	0.814	0.025
0.569	0.043	0.331	0.057
0.003	0.154	0.113	0.730
0.071	0.358	0.544	0.027
0.050	0.701	0.071	0.178
0.001	0.093	0.144	0.762
0.751	0.096	0.057	0.096
0.076	0.044	0.794	0.086
>GACTGTGAGG	23-GACTGTGAGG	6.404373	-3.848465	0	T:415.0(42.39%),B:18995.6(39.17%),P:1e-1	Tpos:443.5,Tstd:364.0,Bpos:306.8,Bstd:184.0,StrandBias:0.2,Multiplicity:1.54
0.100	0.100	0.700	0.100
0.700	0.100	0.100	0.100
0.100	0.700	0.100	0.100
0.100	0.100	0.100	0.700
0.100	0.100	0.700	0.100
0.100	0.100	0.100	0.700
0.100	0.100	0.700	0.100
0.700	0.100	0.100	0.100
0.100	0.100	0.700	0.100
0.100	0.100	0.700	0.100
>ACACGGGTGG	24-ACACGGGTGG	6.404373	-3.606760	0	T:229.0(23.39%),B:10096.0(20.82%),P:1e-1	Tpos:456.3,Tstd:377.9,Bpos:303.8,Bstd:182.8,StrandBias:0.6,Multiplicity:1.32
0.700	0.100	0.100	0.100
0.100	0.700	0.100	0.100
0.700	0.100	0.100	0.100
0.100	0.700	0.100	0.100
0.100	0.100	0.700	0.100
0.100	0.100	0.700	0.100
0.100	0.100	0.700	0.100
0.100	0.100	0.100	0.700
0.100	0.100	0.700	0.100
0.100	0.100	0.700	0.100
>CGGGTCTAGA	25-CGGGTCTAGA	10.296193	-2.343320	0	T:1.0(0.10%),B:5.8(0.01%),P:1e-1	Tpos:371.0,Tstd:212.0,Bpos:228.1,Bstd:94.1,StrandBias:10.0,Multiplicity:16.00
0.100	0.700	0.100	0.100
0.100	0.100	0.700	0.100
0.100	0.100	0.700	0.100
0.100	0.100	0.700	0.100
0.100	0.100	0.100	0.700
0.100	0.700	0.100	0.100
0.100	0.100	0.100	0.700
0.700	0.100	0.100	0.100
0.100	0.100	0.700	0.100
0.700	0.100	0.100	0.100
