>AAGTGAAA	1-AAGTGAAA	6.693814	-1281.270664	0	T:1760.0(58.49%),B:8119.8(17.37%),P:1e-556	Tpos:372.2,Tstd:255.1,Bpos:307.5,Bstd:184.2,StrandBias:0.0,Multiplicity:1.50
0.997	0.001	0.001	0.001
0.997	0.001	0.001	0.001
0.196	0.270	0.533	0.001
0.001	0.064	0.001	0.934
0.001	0.001	0.997	0.001
0.997	0.001	0.001	0.001
0.997	0.001	0.001	0.001
0.997	0.001	0.001	0.001
>AASAGAAA	2-AASAGAAA	10.220690	-270.960393	0	T:922.0(30.64%),B:6614.3(14.15%),P:1e-117	Tpos:383.2,Tstd:289.1,Bpos:312.7,Bstd:183.3,StrandBias:-0.2,Multiplicity:1.26
0.997	0.001	0.001	0.001
0.997	0.001	0.001	0.001
0.001	0.428	0.570	0.001
0.997	0.001	0.001	0.001
0.001	0.001	0.997	0.001
0.997	0.001	0.001	0.001
0.997	0.001	0.001	0.001
0.997	0.001	0.001	0.001
>TTACTTTC	3-TTACTTTC	10.204200	-185.178491	0	T:526.0(17.48%),B:3300.6(7.06%),P:1e-80	Tpos:390.2,Tstd:289.4,Bpos:308.4,Bstd:185.4,StrandBias:0.0,Multiplicity:1.07
0.001	0.001	0.001	0.997
0.001	0.001	0.001	0.997
0.577	0.001	0.421	0.001
0.001	0.997	0.001	0.001
0.001	0.001	0.001	0.997
0.001	0.001	0.001	0.997
0.001	0.001	0.001	0.997
0.001	0.997	0.001	0.001
>GTAAMCAS	4-GTAAMCAS	6.409304	-90.771054	0	T:1328.0(44.13%),B:15220.0(32.56%),P:1e-39	Tpos:396.0,Tstd:278.3,Bpos:310.2,Bstd:183.6,StrandBias:0.0,Multiplicity:1.40
0.181	0.001	0.720	0.098
0.001	0.371	0.001	0.627
0.997	0.001	0.001	0.001
0.884	0.114	0.001	0.001
0.481	0.414	0.010	0.095
0.001	0.729	0.001	0.269
0.997	0.001	0.001	0.001
0.104	0.329	0.448	0.119
>CCATCTGT	5-CCATCTGT	7.292042	-58.055646	0	T:899.0(29.88%),B:10138.0(21.69%),P:1e-25	Tpos:401.4,Tstd:315.3,Bpos:312.0,Bstd:184.6,StrandBias:0.0,Multiplicity:1.23
0.057	0.796	0.146	0.001
0.066	0.921	0.012	0.001
0.941	0.001	0.001	0.057
0.080	0.058	0.125	0.737
0.001	0.997	0.001	0.001
0.001	0.001	0.007	0.991
0.074	0.001	0.924	0.001
0.001	0.093	0.109	0.797
>TSATTARS	6-TSATTARS	5.739378	-56.930692	0	T:1144.0(38.02%),B:13650.6(29.20%),P:1e-24	Tpos:406.8,Tstd:304.3,Bpos:311.8,Bstd:182.0,StrandBias:0.0,Multiplicity:1.41
0.088	0.079	0.190	0.643
0.141	0.381	0.325	0.152
0.862	0.001	0.006	0.131
0.001	0.047	0.266	0.686
0.023	0.231	0.001	0.745
0.831	0.001	0.001	0.167
0.364	0.053	0.396	0.187
0.068	0.452	0.304	0.175
>TTCCACTT	7-TTCCACTT	9.209286	-45.384322	0	T:382.0(12.70%),B:3654.6(7.82%),P:1e-19	Tpos:419.5,Tstd:318.5,Bpos:310.3,Bstd:183.0,StrandBias:-0.0,Multiplicity:1.09
0.001	0.198	0.001	0.800
0.001	0.194	0.001	0.804
0.001	0.997	0.001	0.001
0.001	0.997	0.001	0.001
0.997	0.001	0.001	0.001
0.001	0.997	0.001	0.001
0.001	0.001	0.001	0.997
0.001	0.001	0.001	0.997
>TGACTCAC	8-TGACTCAC	7.490827	-41.863816	0	T:522.0(17.35%),B:5536.1(11.84%),P:1e-18	Tpos:391.2,Tstd:306.5,Bpos:310.5,Bstd:185.9,StrandBias:0.0,Multiplicity:1.12
0.001	0.102	0.001	0.896
0.200	0.001	0.798	0.001
0.796	0.001	0.001	0.202
0.001	0.714	0.284	0.001
0.001	0.230	0.001	0.768
0.001	0.997	0.001	0.001
0.775	0.221	0.003	0.001
0.011	0.676	0.285	0.028
>TGCTGACA	9-TGCTGACA	8.535262	-38.254395	0	T:493.0(16.38%),B:5261.4(11.25%),P:1e-16	Tpos:421.7,Tstd:315.7,Bpos:312.9,Bstd:187.8,StrandBias:-0.0,Multiplicity:1.12
0.001	0.001	0.129	0.869
0.001	0.001	0.997	0.001
0.001	0.997	0.001	0.001
0.001	0.001	0.001	0.997
0.001	0.131	0.715	0.153
0.997	0.001	0.001	0.001
0.001	0.855	0.143	0.001
0.997	0.001	0.001	0.001
>ATTGAAAC	10-ATTGAAAC	8.236954	-33.439665	0	T:106.0(3.52%),B:696.6(1.49%),P:1e-14	Tpos:387.1,Tstd:238.5,Bpos:315.0,Bstd:181.7,StrandBias:0.1,Multiplicity:1.04
0.700	0.100	0.100	0.100
0.100	0.100	0.100	0.700
0.100	0.100	0.100	0.700
0.100	0.100	0.700	0.100
0.700	0.100	0.100	0.100
0.700	0.100	0.100	0.100
0.700	0.100	0.100	0.100
0.100	0.700	0.100	0.100
>CAAAACCW	11-CAAAACCW	7.027001	-32.098380	0	T:351.0(11.67%),B:3595.0(7.69%),P:1e-13	Tpos:385.1,Tstd:302.8,Bpos:309.3,Bstd:184.2,StrandBias:-0.1,Multiplicity:1.13
0.001	0.997	0.001	0.001
0.561	0.001	0.406	0.032
0.997	0.001	0.001	0.001
0.997	0.001	0.001	0.001
0.997	0.001	0.001	0.001
0.001	0.997	0.001	0.001
0.001	0.997	0.001	0.001
0.547	0.001	0.001	0.451
>TAGTCGTG	12-TAGTCGTG	8.236954	-19.014593	0	T:20.0(0.66%),B:61.0(0.13%),P:1e-8	Tpos:391.9,Tstd:259.4,Bpos:295.7,Bstd:184.3,StrandBias:-0.3,Multiplicity:1.00
0.100	0.100	0.100	0.700
0.700	0.100	0.100	0.100
0.100	0.100	0.700	0.100
0.100	0.100	0.100	0.700
0.100	0.700	0.100	0.100
0.100	0.100	0.700	0.100
0.100	0.100	0.100	0.700
0.100	0.100	0.700	0.100
>ACGKGTCG	13-ACGKGTCG	8.550710	-12.832250	0	T:61.0(2.03%),B:496.1(1.06%),P:1e-5	Tpos:515.0,Tstd:363.5,Bpos:295.3,Bstd:176.9,StrandBias:0.4,Multiplicity:1.27
0.712	0.001	0.001	0.286
0.001	0.997	0.001	0.001
0.001	0.001	0.997	0.001
0.001	0.001	0.537	0.461
0.001	0.001	0.997	0.001
0.001	0.001	0.001	0.997
0.001	0.754	0.244	0.001
0.001	0.001	0.997	0.001
>GSCSSSGG	14-GSCSSSGG	6.370754	-11.380286	0	T:343.0(11.40%),B:4249.7(9.09%),P:1e-4	Tpos:571.4,Tstd:390.0,Bpos:313.4,Bstd:177.9,StrandBias:0.1,Multiplicity:2.93
0.001	0.352	0.567	0.080
0.176	0.346	0.477	0.001
0.037	0.568	0.394	0.001
0.001	0.532	0.466	0.001
0.001	0.522	0.395	0.082
0.001	0.503	0.495	0.001
0.001	0.001	0.997	0.001
0.001	0.157	0.779	0.063
>GCGTAGTA	15-GCGTAGTA	8.236954	-10.317174	0	T:12.0(0.40%),B:43.5(0.09%),P:1e-4	Tpos:300.3,Tstd:152.3,Bpos:296.2,Bstd:187.6,StrandBias:-0.5,Multiplicity:1.00
0.100	0.100	0.700	0.100
0.100	0.700	0.100	0.100
0.100	0.100	0.700	0.100
0.100	0.100	0.100	0.700
0.700	0.100	0.100	0.100
0.100	0.100	0.700	0.100
0.100	0.100	0.100	0.700
0.700	0.100	0.100	0.100
