>GAAAGTGAAA	1-GAAAGTGAAA	9.618534	-2563.241903	0	T:1420.0(47.19%),B:1864.9(3.99%),P:1e-1113	Tpos:359.5,Tstd:230.1,Bpos:301.9,Bstd:182.6,StrandBias:-0.0,Multiplicity:1.20
0.059	0.012	0.928	0.001
0.997	0.001	0.001	0.001
0.996	0.001	0.001	0.002
0.997	0.001	0.001	0.001
0.155	0.222	0.607	0.016
0.097	0.027	0.018	0.858
0.027	0.001	0.971	0.001
0.987	0.001	0.011	0.001
0.997	0.001	0.001	0.001
0.997	0.001	0.001	0.001
>TTTCAYTTTC	2-TTTCAYTTTC	8.587882	-1965.241445	0	T:1646.0(54.70%),B:4374.4(9.36%),P:1e-853	Tpos:400.0,Tstd:298.9,Bpos:310.9,Bstd:182.8,StrandBias:-0.1,Multiplicity:1.12
0.050	0.053	0.001	0.896
0.073	0.030	0.053	0.844
0.055	0.105	0.043	0.797
0.011	0.923	0.047	0.019
0.637	0.067	0.229	0.067
0.059	0.477	0.094	0.370
0.020	0.009	0.001	0.970
0.095	0.032	0.024	0.849
0.049	0.279	0.052	0.620
0.072	0.707	0.088	0.133
>AAACCGAAAC	3-AAACCGAAAC	6.818166	-1792.958862	0	T:1212.0(40.28%),B:2149.7(4.60%),P:1e-778	Tpos:375.6,Tstd:250.3,Bpos:306.9,Bstd:187.6,StrandBias:0.1,Multiplicity:1.21
0.997	0.001	0.001	0.001
0.997	0.001	0.001	0.001
0.997	0.001	0.001	0.001
0.001	0.929	0.069	0.001
0.001	0.755	0.001	0.243
0.353	0.001	0.645	0.001
0.997	0.001	0.001	0.001
0.997	0.001	0.001	0.001
0.997	0.001	0.001	0.001
0.001	0.848	0.150	0.001
>TTTCCWGGAA	4-TTTCCWGGAA	8.348991	-72.392929	0	T:460.0(15.29%),B:4052.4(8.67%),P:1e-31	Tpos:403.9,Tstd:299.7,Bpos:313.4,Bstd:184.1,StrandBias:-0.1,Multiplicity:1.12
0.073	0.129	0.166	0.632
0.001	0.001	0.001	0.997
0.122	0.162	0.001	0.715
0.291	0.592	0.116	0.001
0.001	0.915	0.083	0.001
0.361	0.147	0.085	0.407
0.217	0.001	0.781	0.001
0.166	0.001	0.697	0.136
0.911	0.001	0.001	0.087
0.902	0.001	0.001	0.096
>ATTAATCAGN	5-ATTAATCAGN	7.231542	-67.056114	0	T:859.0(28.55%),B:9316.5(19.93%),P:1e-29	Tpos:392.7,Tstd:289.1,Bpos:310.4,Bstd:180.9,StrandBias:-0.2,Multiplicity:1.27
0.871	0.001	0.121	0.007
0.223	0.071	0.240	0.466
0.001	0.001	0.001	0.997
0.850	0.001	0.001	0.148
0.898	0.100	0.001	0.001
0.302	0.101	0.055	0.542
0.086	0.655	0.258	0.001
0.997	0.001	0.001	0.001
0.001	0.001	0.588	0.410
0.262	0.280	0.224	0.234
>GCTGTTTGCT	6-GCTGTTTGCT	8.778647	-55.904789	0	T:290.0(9.64%),B:2359.3(5.05%),P:1e-24	Tpos:408.3,Tstd:296.5,Bpos:311.8,Bstd:185.6,StrandBias:0.3,Multiplicity:1.04
0.123	0.154	0.713	0.010
0.122	0.512	0.188	0.178
0.001	0.001	0.001	0.997
0.001	0.191	0.807	0.001
0.001	0.153	0.115	0.731
0.001	0.114	0.001	0.884
0.001	0.101	0.001	0.897
0.001	0.168	0.804	0.027
0.013	0.627	0.062	0.298
0.037	0.001	0.001	0.961
>GGAAATYCCC	7-GGAAATYCCC	8.457098	-48.795732	0	T:176.0(5.85%),B:1224.7(2.62%),P:1e-21	Tpos:382.4,Tstd:293.7,Bpos:300.4,Bstd:169.2,StrandBias:0.1,Multiplicity:1.08
0.020	0.001	0.892	0.087
0.006	0.026	0.892	0.076
0.603	0.001	0.370	0.026
0.776	0.125	0.053	0.046
0.590	0.071	0.001	0.338
0.116	0.041	0.261	0.582
0.052	0.359	0.106	0.483
0.063	0.905	0.015	0.017
0.001	0.956	0.042	0.001
0.001	0.854	0.144	0.001
>CCAAGGCGTA	8-CCAAGGCGTA	10.296193	-37.560207	0	T:9.0(0.30%),B:0.8(0.00%),P:1e-16	Tpos:280.3,Tstd:164.6,Bpos:577.0,Bstd:0.0,StrandBias:-1.0,Multiplicity:1.00
0.100	0.700	0.100	0.100
0.100	0.700	0.100	0.100
0.700	0.100	0.100	0.100
0.700	0.100	0.100	0.100
0.100	0.100	0.700	0.100
0.100	0.100	0.700	0.100
0.100	0.700	0.100	0.100
0.100	0.100	0.700	0.100
0.100	0.100	0.100	0.700
0.700	0.100	0.100	0.100
>GGTAGTCGTG	9-GGTAGTCGTG	10.296193	-31.379589	0	T:9.0(0.30%),B:2.1(0.00%),P:1e-13	Tpos:303.6,Tstd:182.1,Bpos:318.3,Bstd:124.4,StrandBias:-0.3,Multiplicity:1.00
0.100	0.100	0.700	0.100
0.100	0.100	0.700	0.100
0.100	0.100	0.100	0.700
0.700	0.100	0.100	0.100
0.100	0.100	0.700	0.100
0.100	0.100	0.100	0.700
0.100	0.700	0.100	0.100
0.100	0.100	0.700	0.100
0.100	0.100	0.100	0.700
0.100	0.100	0.700	0.100
>GCATTACSTT	10-GCATTACSTT	12.106544	-28.833626	0	T:26.0(0.86%),B:63.1(0.13%),P:1e-12	Tpos:368.0,Tstd:350.4,Bpos:320.5,Bstd:182.7,StrandBias:-0.2,Multiplicity:1.00
0.001	0.001	0.997	0.001
0.001	0.997	0.001	0.001
0.997	0.001	0.001	0.001
0.001	0.382	0.001	0.616
0.001	0.001	0.001	0.997
0.997	0.001	0.001	0.001
0.001	0.997	0.001	0.001
0.001	0.463	0.535	0.001
0.001	0.001	0.001	0.997
0.001	0.001	0.001	0.997
>GGCCGACACG	11-GGCCGACACG	10.296193	-27.788076	0	T:9.0(0.30%),B:3.4(0.01%),P:1e-12	Tpos:233.9,Tstd:194.3,Bpos:381.9,Bstd:154.5,StrandBias:-0.3,Multiplicity:1.00
0.100	0.100	0.700	0.100
0.100	0.100	0.700	0.100
0.100	0.700	0.100	0.100
0.100	0.700	0.100	0.100
0.100	0.100	0.700	0.100
0.700	0.100	0.100	0.100
0.100	0.700	0.100	0.100
0.700	0.100	0.100	0.100
0.100	0.700	0.100	0.100
0.100	0.100	0.700	0.100
>GGGTGCHAGG	12-GGGTGCHAGG	7.231763	-27.267248	0	T:540.0(17.95%),B:6269.0(13.41%),P:1e-11	Tpos:432.0,Tstd:325.0,Bpos:311.4,Bstd:178.4,StrandBias:-0.0,Multiplicity:1.30
0.110	0.042	0.641	0.207
0.151	0.168	0.573	0.108
0.047	0.009	0.675	0.269
0.177	0.154	0.134	0.535
0.036	0.012	0.951	0.001
0.014	0.943	0.006	0.037
0.278	0.279	0.041	0.403
0.541	0.086	0.364	0.009
0.012	0.028	0.913	0.047
0.012	0.049	0.929	0.010
>TCGCGGGAGT	13-TCGCGGGAGT	7.536164	-26.022127	0	T:81.0(2.69%),B:531.2(1.14%),P:1e-11	Tpos:431.4,Tstd:328.7,Bpos:301.4,Bstd:186.6,StrandBias:0.2,Multiplicity:1.09
0.032	0.216	0.202	0.550
0.175	0.662	0.001	0.162
0.027	0.350	0.622	0.001
0.226	0.638	0.131	0.005
0.139	0.002	0.675	0.184
0.029	0.001	0.969	0.001
0.196	0.170	0.527	0.107
0.593	0.157	0.112	0.138
0.022	0.296	0.681	0.001
0.015	0.159	0.239	0.587
>GCATCCTGTT	14-GCATCCTGTT	10.557141	-25.748627	0	T:44.0(1.46%),B:199.3(0.43%),P:1e-11	Tpos:265.5,Tstd:188.7,Bpos:307.5,Bstd:183.0,StrandBias:-0.4,Multiplicity:1.00
0.001	0.001	0.997	0.001
0.001	0.997	0.001	0.001
0.796	0.001	0.202	0.001
0.001	0.001	0.118	0.880
0.104	0.894	0.001	0.001
0.001	0.881	0.117	0.001
0.001	0.001	0.001	0.997
0.001	0.001	0.997	0.001
0.001	0.001	0.001	0.997
0.418	0.001	0.001	0.580
>GAAAAAGCGC	15-GAAAAAGCGC	12.251157	-23.145761	0	T:13.0(0.43%),B:16.1(0.03%),P:1e-10	Tpos:321.8,Tstd:177.6,Bpos:259.2,Bstd:162.4,StrandBias:0.2,Multiplicity:1.00
0.001	0.001	0.997	0.001
0.997	0.001	0.001	0.001
0.997	0.001	0.001	0.001
0.997	0.001	0.001	0.001
0.997	0.001	0.001	0.001
0.793	0.001	0.001	0.205
0.001	0.001	0.997	0.001
0.001	0.997	0.001	0.001
0.001	0.001	0.997	0.001
0.001	0.997	0.001	0.001
>TAACAATGAC	16-TAACAATGAC	10.296193	-20.719350	0	T:18.0(0.60%),B:43.4(0.09%),P:1e-8	Tpos:285.1,Tstd:169.9,Bpos:285.0,Bstd:145.3,StrandBias:-0.3,Multiplicity:1.00
0.100	0.100	0.100	0.700
0.700	0.100	0.100	0.100
0.700	0.100	0.100	0.100
0.100	0.700	0.100	0.100
0.700	0.100	0.100	0.100
0.700	0.100	0.100	0.100
0.100	0.100	0.100	0.700
0.100	0.100	0.700	0.100
0.700	0.100	0.100	0.100
0.100	0.700	0.100	0.100
>AAYCACGCGC	17-AAYCACGCGC	10.269516	-20.392749	0	T:9.0(0.30%),B:7.8(0.02%),P:1e-8	Tpos:374.9,Tstd:125.2,Bpos:197.6,Bstd:92.7,StrandBias:-0.3,Multiplicity:1.00
0.797	0.101	0.101	0.001
0.797	0.101	0.101	0.001
0.001	0.570	0.001	0.428
0.077	0.744	0.178	0.001
0.821	0.001	0.101	0.077
0.001	0.898	0.001	0.100
0.001	0.001	0.997	0.001
0.001	0.997	0.001	0.001
0.101	0.001	0.821	0.077
0.001	0.619	0.154	0.226
>AAATTATGCA	18-AAATTATGCA	10.296193	-17.665184	0	T:25.0(0.83%),B:100.5(0.22%),P:1e-7	Tpos:397.6,Tstd:216.9,Bpos:309.4,Bstd:177.2,StrandBias:-0.3,Multiplicity:1.00
0.700	0.100	0.100	0.100
0.700	0.100	0.100	0.100
0.700	0.100	0.100	0.100
0.100	0.100	0.100	0.700
0.100	0.100	0.100	0.700
0.700	0.100	0.100	0.100
0.100	0.100	0.100	0.700
0.100	0.100	0.700	0.100
0.100	0.700	0.100	0.100
0.700	0.100	0.100	0.100
>TGACTCGCCC	19-TGACTCGCCC	13.771897	-17.390552	0	T:8.0(0.27%),B:7.8(0.02%),P:1e-7	Tpos:369.0,Tstd:223.3,Bpos:198.7,Bstd:161.5,StrandBias:0.0,Multiplicity:1.00
0.001	0.001	0.001	0.997
0.001	0.001	0.997	0.001
0.997	0.001	0.001	0.001
0.001	0.997	0.001	0.001
0.001	0.060	0.001	0.938
0.001	0.997	0.001	0.001
0.001	0.001	0.997	0.001
0.001	0.997	0.001	0.001
0.001	0.997	0.001	0.001
0.001	0.997	0.001	0.001
>CGCGCCGCGG	20-CGCGCCGCGG	8.260069	-17.019490	0	T:59.0(1.96%),B:415.7(0.89%),P:1e-7	Tpos:560.6,Tstd:392.9,Bpos:310.9,Bstd:180.7,StrandBias:0.2,Multiplicity:1.21
0.092	0.716	0.101	0.091
0.099	0.144	0.668	0.089
0.097	0.708	0.106	0.089
0.095	0.109	0.704	0.092
0.104	0.676	0.139	0.081
0.093	0.705	0.093	0.109
0.058	0.113	0.720	0.109
0.112	0.667	0.128	0.093
0.108	0.099	0.696	0.097
0.074	0.103	0.743	0.080
>ACACGCGYCG	21-ACACGCGYCG	8.607927	-16.394918	0	T:16.0(0.53%),B:45.1(0.10%),P:1e-7	Tpos:406.4,Tstd:259.8,Bpos:325.5,Bstd:154.0,StrandBias:1.4,Multiplicity:2.00
0.861	0.049	0.001	0.089
0.051	0.622	0.225	0.102
0.626	0.050	0.102	0.222
0.001	0.997	0.001	0.001
0.088	0.139	0.700	0.073
0.003	0.534	0.364	0.099
0.209	0.099	0.543	0.149
0.051	0.397	0.038	0.514
0.099	0.559	0.292	0.050
0.001	0.049	0.901	0.049
>GACTGTGAGG	22-GACTGTGAGG	-0.099163	-9.441723	0	T:1235.0(41.04%),B:17612.8(37.67%),P:1e-4	Tpos:414.4,Tstd:322.4,Bpos:312.1,Bstd:183.4,StrandBias:0.1,Multiplicity:1.44
0.001	0.001	0.997	0.001
0.997	0.001	0.001	0.001
0.001	0.997	0.001	0.001
0.001	0.001	0.116	0.882
0.001	0.001	0.997	0.001
0.001	0.001	0.001	0.997
0.001	0.001	0.997	0.001
0.997	0.001	0.001	0.001
0.001	0.001	0.997	0.001
0.001	0.001	0.997	0.001
>GCGGGTGCTA	23-GCGGGTGCTA	6.404373	-7.600904	0	T:531.0(17.65%),B:7212.1(15.43%),P:1e-3	Tpos:455.6,Tstd:348.0,Bpos:315.9,Bstd:187.0,StrandBias:0.1,Multiplicity:1.27
0.100	0.100	0.700	0.100
0.100	0.700	0.100	0.100
0.100	0.100	0.700	0.100
0.100	0.100	0.700	0.100
0.100	0.100	0.700	0.100
0.100	0.100	0.100	0.700
0.100	0.100	0.700	0.100
0.100	0.700	0.100	0.100
0.100	0.100	0.100	0.700
0.700	0.100	0.100	0.100
>GATCAGGGCC	24-GATCAGGGCC	10.500909	-7.025897	0	T:12.0(0.40%),B:62.6(0.13%),P:1e-3	Tpos:465.7,Tstd:245.9,Bpos:326.0,Bstd:171.3,StrandBias:1.2,Multiplicity:2.25
0.001	0.001	0.997	0.001
0.997	0.001	0.001	0.001
0.001	0.001	0.001	0.997
0.191	0.807	0.001	0.001
0.997	0.001	0.001	0.001
0.001	0.001	0.997	0.001
0.001	0.044	0.954	0.001
0.001	0.001	0.997	0.001
0.001	0.997	0.001	0.001
0.001	0.997	0.001	0.001
>CGGGTCTAGA	25-CGGGTCTAGA	10.296193	-2.849425	0	T:2.0(0.07%),B:6.7(0.01%),P:1e-1	Tpos:396.4,Tstd:229.5,Bpos:392.1,Bstd:135.0,StrandBias:4.0,Multiplicity:8.50
0.100	0.700	0.100	0.100
0.100	0.100	0.700	0.100
0.100	0.100	0.700	0.100
0.100	0.100	0.700	0.100
0.100	0.100	0.100	0.700
0.100	0.700	0.100	0.100
0.100	0.100	0.100	0.700
0.700	0.100	0.100	0.100
0.100	0.100	0.700	0.100
0.700	0.100	0.100	0.100
>BGAAASTGAAAS	1-BGAAASTGAAAS	8.714744	-3214.548776	0	T:1556.0(51.71%),B:1608.6(3.44%),P:1e-1396	Tpos:359.4,Tstd:229.2,Bpos:308.0,Bstd:184.8,StrandBias:-0.1,Multiplicity:1.21
0.172	0.240	0.250	0.338
0.213	0.095	0.610	0.082
0.751	0.081	0.075	0.093
0.695	0.078	0.079	0.148
0.774	0.045	0.054	0.127
0.192	0.398	0.349	0.062
0.167	0.144	0.051	0.638
0.144	0.043	0.763	0.050
0.767	0.069	0.099	0.065
0.791	0.057	0.060	0.092
0.823	0.061	0.056	0.060
0.061	0.450	0.415	0.074
>GAAAGYGAAASY	2-GAAAGYGAAASY	9.510995	-2949.550843	0	T:1699.0(56.46%),B:2565.0(5.49%),P:1e-1280	Tpos:373.0,Tstd:255.0,Bpos:306.1,Bstd:185.8,StrandBias:0.1,Multiplicity:1.20
0.294	0.098	0.568	0.040
0.878	0.035	0.086	0.001
0.976	0.022	0.001	0.001
0.954	0.010	0.015	0.021
0.174	0.309	0.481	0.037
0.163	0.318	0.072	0.448
0.272	0.012	0.681	0.035
0.917	0.001	0.046	0.036
0.997	0.001	0.001	0.001
0.922	0.001	0.076	0.001
0.098	0.379	0.479	0.044
0.111	0.355	0.044	0.490
>GTTAATSATTAA	3-GTTAATSATTAA	9.376760	-66.872730	0	T:139.0(4.62%),B:702.5(1.50%),P:1e-29	Tpos:406.8,Tstd:263.4,Bpos:322.8,Bstd:177.4,StrandBias:0.1,Multiplicity:1.04
0.193	0.108	0.551	0.148
0.175	0.112	0.260	0.453
0.001	0.001	0.061	0.937
0.693	0.188	0.079	0.040
0.964	0.001	0.001	0.034
0.296	0.001	0.041	0.662
0.092	0.402	0.377	0.129
0.981	0.001	0.001	0.017
0.138	0.001	0.333	0.528
0.101	0.037	0.001	0.861
0.614	0.220	0.001	0.165
0.717	0.174	0.108	0.001
>CAGGCCGACACG	4-CAGGCCGACACG	14.016711	-47.754417	0	T:11.0(0.37%),B:1.5(0.00%),P:1e-20	Tpos:254.1,Tstd:185.7,Bpos:258.4,Bstd:189.2,StrandBias:-0.3,Multiplicity:1.00
0.082	0.916	0.001	0.001
0.997	0.001	0.001	0.001
0.001	0.001	0.997	0.001
0.001	0.001	0.997	0.001
0.001	0.997	0.001	0.001
0.001	0.997	0.001	0.001
0.001	0.082	0.916	0.001
0.997	0.001	0.001	0.001
0.001	0.997	0.001	0.001
0.997	0.001	0.001	0.001
0.001	0.997	0.001	0.001
0.001	0.001	0.997	0.001
>TCAGTCCACTGA	5-TCAGTCCACTGA	14.038532	-44.727946	0	T:12.0(0.40%),B:2.1(0.00%),P:1e-19	Tpos:350.6,Tstd:220.6,Bpos:474.1,Bstd:67.7,StrandBias:-0.5,Multiplicity:1.00
0.001	0.001	0.077	0.921
0.001	0.997	0.001	0.001
0.997	0.001	0.001	0.001
0.001	0.001	0.997	0.001
0.001	0.001	0.001	0.997
0.001	0.997	0.001	0.001
0.001	0.997	0.001	0.001
0.997	0.001	0.001	0.001
0.001	0.997	0.001	0.001
0.001	0.001	0.001	0.997
0.001	0.001	0.997	0.001
0.997	0.001	0.001	0.001
>GTGCATGAGAAC	6-GTGCATGAGAAC	16.529911	-42.609540	0	T:10.0(0.33%),B:1.0(0.00%),P:1e-18	Tpos:275.4,Tstd:194.0,Bpos:396.0,Bstd:0.0,StrandBias:-0.6,Multiplicity:1.00
0.001	0.001	0.997	0.001
0.001	0.001	0.001	0.997
0.001	0.001	0.997	0.001
0.001	0.997	0.001	0.001
0.930	0.001	0.068	0.001
0.001	0.001	0.001	0.997
0.001	0.001	0.997	0.001
0.997	0.001	0.001	0.001
0.001	0.001	0.997	0.001
0.997	0.001	0.001	0.001
0.997	0.001	0.001	0.001
0.001	0.997	0.001	0.001
>AGGCTGCACTAC	7-AGGCTGCACTAC	13.897516	-40.188549	0	T:11.0(0.37%),B:2.1(0.00%),P:1e-17	Tpos:315.0,Tstd:188.7,Bpos:21.1,Bstd:17.4,StrandBias:-0.3,Multiplicity:1.00
0.997	0.001	0.001	0.001
0.001	0.001	0.997	0.001
0.001	0.001	0.926	0.072
0.001	0.997	0.001	0.001
0.001	0.001	0.001	0.997
0.001	0.001	0.997	0.001
0.001	0.926	0.001	0.072
0.997	0.001	0.001	0.001
0.001	0.997	0.001	0.001
0.001	0.001	0.001	0.997
0.997	0.001	0.001	0.001
0.001	0.997	0.001	0.001
>CTTGGTCTGGCC	8-CTTGGTCTGGCC	12.355432	-37.560207	0	T:9.0(0.30%),B:1.9(0.00%),P:1e-16	Tpos:305.1,Tstd:176.8,Bpos:255.9,Bstd:176.1,StrandBias:-0.3,Multiplicity:1.00
0.100	0.700	0.100	0.100
0.100	0.100	0.100	0.700
0.100	0.100	0.100	0.700
0.100	0.100	0.700	0.100
0.100	0.100	0.700	0.100
0.100	0.100	0.100	0.700
0.100	0.700	0.100	0.100
0.100	0.100	0.100	0.700
0.100	0.100	0.700	0.100
0.100	0.100	0.700	0.100
0.100	0.700	0.100	0.100
0.100	0.700	0.100	0.100
>CTGGAGTATTTC	9-CTGGAGTATTTC	12.355432	-37.560207	0	T:9.0(0.30%),B:1.1(0.00%),P:1e-16	Tpos:300.7,Tstd:194.1,Bpos:241.0,Bstd:0.0,StrandBias:-0.3,Multiplicity:1.00
0.100	0.700	0.100	0.100
0.100	0.100	0.100	0.700
0.100	0.100	0.700	0.100
0.100	0.100	0.700	0.100
0.700	0.100	0.100	0.100
0.100	0.100	0.700	0.100
0.100	0.100	0.100	0.700
0.700	0.100	0.100	0.100
0.100	0.100	0.100	0.700
0.100	0.100	0.100	0.700
0.100	0.100	0.100	0.700
0.100	0.700	0.100	0.100
>CTGATGTAATTG	10-CTGATGTAATTG	16.520186	-37.560207	0	T:9.0(0.30%),B:1.6(0.00%),P:1e-16	Tpos:298.3,Tstd:208.2,Bpos:62.5,Bstd:29.9,StrandBias:0.3,Multiplicity:1.00
0.001	0.997	0.001	0.001
0.001	0.001	0.001	0.997
0.001	0.001	0.997	0.001
0.997	0.001	0.001	0.001
0.001	0.001	0.001	0.997
0.077	0.001	0.921	0.001
0.001	0.001	0.001	0.997
0.997	0.001	0.001	0.001
0.997	0.001	0.001	0.001
0.001	0.001	0.001	0.997
0.001	0.001	0.001	0.997
0.001	0.001	0.997	0.001
>GTTCCACTTCCC	11-GTTCCACTTCCC	11.540184	-36.801552	0	T:14.0(0.47%),B:7.2(0.02%),P:1e-15	Tpos:380.6,Tstd:215.3,Bpos:303.1,Bstd:177.0,StrandBias:0.4,Multiplicity:1.00
0.001	0.001	0.997	0.001
0.001	0.263	0.001	0.735
0.001	0.001	0.001	0.997
0.001	0.997	0.001	0.001
0.001	0.997	0.001	0.001
0.997	0.001	0.001	0.001
0.001	0.997	0.001	0.001
0.001	0.001	0.024	0.974
0.001	0.001	0.001	0.997
0.001	0.997	0.001	0.001
0.001	0.997	0.001	0.001
0.001	0.997	0.001	0.001
>CGTAAGATATGT	12-CGTAAGATATGT	13.611245	-35.787161	0	T:11.0(0.37%),B:3.8(0.01%),P:1e-15	Tpos:391.5,Tstd:336.1,Bpos:283.3,Bstd:230.6,StrandBias:0.3,Multiplicity:1.00
0.001	0.997	0.001	0.001
0.001	0.001	0.847	0.151
0.001	0.001	0.001	0.997
0.997	0.001	0.001	0.001
0.575	0.001	0.423	0.001
0.001	0.001	0.997	0.001
0.997	0.001	0.001	0.001
0.423	0.001	0.001	0.575
0.997	0.001	0.001	0.001
0.001	0.001	0.001	0.997
0.001	0.001	0.997	0.001
0.001	0.001	0.001	0.997
>GTAGCCATTTCC	13-GTAGCCATTTCC	12.355432	-35.736346	0	T:10.0(0.33%),B:2.7(0.01%),P:1e-15	Tpos:306.8,Tstd:158.6,Bpos:328.1,Bstd:149.0,StrandBias:0.0,Multiplicity:1.00
0.100	0.100	0.700	0.100
0.100	0.100	0.100	0.700
0.700	0.100	0.100	0.100
0.100	0.100	0.700	0.100
0.100	0.700	0.100	0.100
0.100	0.700	0.100	0.100
0.700	0.100	0.100	0.100
0.100	0.100	0.100	0.700
0.100	0.100	0.100	0.700
0.100	0.100	0.100	0.700
0.100	0.700	0.100	0.100
0.100	0.700	0.100	0.100
>GCATCTGTGTGA	14-GCATCTGTGTGA	12.355432	-35.736346	0	T:10.0(0.33%),B:2.9(0.01%),P:1e-15	Tpos:271.7,Tstd:243.6,Bpos:290.3,Bstd:118.5,StrandBias:-0.6,Multiplicity:1.00
0.100	0.100	0.700	0.100
0.100	0.700	0.100	0.100
0.700	0.100	0.100	0.100
0.100	0.100	0.100	0.700
0.100	0.700	0.100	0.100
0.100	0.100	0.100	0.700
0.100	0.100	0.700	0.100
0.100	0.100	0.100	0.700
0.100	0.100	0.700	0.100
0.100	0.100	0.100	0.700
0.100	0.100	0.700	0.100
0.700	0.100	0.100	0.100
>AGGCGTAGTAAC	15-AGGCGTAGTAAC	12.355432	-32.616438	0	T:8.0(0.27%),B:0.0(0.00%),P:1e-14	Tpos:300.4,Tstd:162.5,Bpos:0.0,Bstd:0.0,StrandBias:-0.7,Multiplicity:1.00
0.700	0.100	0.100	0.100
0.100	0.100	0.700	0.100
0.100	0.100	0.700	0.100
0.100	0.700	0.100	0.100
0.100	0.100	0.700	0.100
0.100	0.100	0.100	0.700
0.700	0.100	0.100	0.100
0.100	0.100	0.700	0.100
0.100	0.100	0.100	0.700
0.700	0.100	0.100	0.100
0.700	0.100	0.100	0.100
0.100	0.700	0.100	0.100
>AGGTTTGTGCAC	16-AGGTTTGTGCAC	12.355432	-32.616438	0	T:8.0(0.27%),B:1.5(0.00%),P:1e-14	Tpos:335.9,Tstd:159.5,Bpos:301.2,Bstd:92.2,StrandBias:-0.7,Multiplicity:1.00
0.700	0.100	0.100	0.100
0.100	0.100	0.700	0.100
0.100	0.100	0.700	0.100
0.100	0.100	0.100	0.700
0.100	0.100	0.100	0.700
0.100	0.100	0.100	0.700
0.100	0.100	0.700	0.100
0.100	0.100	0.100	0.700
0.100	0.100	0.700	0.100
0.100	0.700	0.100	0.100
0.700	0.100	0.100	0.100
0.100	0.700	0.100	0.100
>CTGCTGTTGAGC	17-CTGCTGTTGAGC	12.355432	-31.379589	0	T:9.0(0.30%),B:2.6(0.01%),P:1e-13	Tpos:295.1,Tstd:223.9,Bpos:189.7,Bstd:167.0,StrandBias:-0.3,Multiplicity:1.00
0.100	0.700	0.100	0.100
0.100	0.100	0.100	0.700
0.100	0.100	0.700	0.100
0.100	0.700	0.100	0.100
0.100	0.100	0.100	0.700
0.100	0.100	0.700	0.100
0.100	0.100	0.100	0.700
0.100	0.100	0.100	0.700
0.100	0.100	0.700	0.100
0.700	0.100	0.100	0.100
0.100	0.100	0.700	0.100
0.100	0.700	0.100	0.100
>TTGAAACTTCAA	18-TTGAAACTTCAA	14.194536	-31.379589	0	T:9.0(0.30%),B:2.3(0.01%),P:1e-13	Tpos:370.1,Tstd:147.7,Bpos:344.6,Bstd:224.1,StrandBias:0.0,Multiplicity:1.11
0.001	0.001	0.001	0.997
0.001	0.001	0.001	0.997
0.001	0.001	0.997	0.001
0.997	0.001	0.001	0.001
0.997	0.001	0.001	0.001
0.997	0.001	0.001	0.001
0.001	0.997	0.001	0.001
0.001	0.001	0.001	0.997
0.001	0.001	0.001	0.997
0.001	0.997	0.001	0.001
0.908	0.001	0.090	0.001
0.997	0.001	0.001	0.001
>TTTTCATCTACA	19-TTTTCATCTACA	12.355432	-27.128262	0	T:8.0(0.27%),B:2.9(0.01%),P:1e-11	Tpos:218.8,Tstd:261.1,Bpos:295.7,Bstd:102.8,StrandBias:-0.7,Multiplicity:1.00
0.100	0.100	0.100	0.700
0.100	0.100	0.100	0.700
0.100	0.100	0.100	0.700
0.100	0.100	0.100	0.700
0.100	0.700	0.100	0.100
0.700	0.100	0.100	0.100
0.100	0.100	0.100	0.700
0.100	0.700	0.100	0.100
0.100	0.100	0.100	0.700
0.700	0.100	0.100	0.100
0.100	0.700	0.100	0.100
0.700	0.100	0.100	0.100
>CTAGAATCCCCA	20-CTAGAATCCCCA	12.355432	-27.128262	0	T:8.0(0.27%),B:2.1(0.00%),P:1e-11	Tpos:303.4,Tstd:163.6,Bpos:179.5,Bstd:34.9,StrandBias:-0.7,Multiplicity:1.00
0.100	0.700	0.100	0.100
0.100	0.100	0.100	0.700
0.700	0.100	0.100	0.100
0.100	0.100	0.700	0.100
0.700	0.100	0.100	0.100
0.700	0.100	0.100	0.100
0.100	0.100	0.100	0.700
0.100	0.700	0.100	0.100
0.100	0.700	0.100	0.100
0.100	0.700	0.100	0.100
0.100	0.700	0.100	0.100
0.700	0.100	0.100	0.100
>TGTATCTCTCTG	21-TGTATCTCTCTG	12.355432	-27.128262	0	T:8.0(0.27%),B:2.3(0.00%),P:1e-11	Tpos:312.2,Tstd:128.4,Bpos:281.6,Bstd:160.8,StrandBias:0.0,Multiplicity:1.00
0.100	0.100	0.100	0.700
0.100	0.100	0.700	0.100
0.100	0.100	0.100	0.700
0.700	0.100	0.100	0.100
0.100	0.100	0.100	0.700
0.100	0.700	0.100	0.100
0.100	0.100	0.100	0.700
0.100	0.700	0.100	0.100
0.100	0.100	0.100	0.700
0.100	0.700	0.100	0.100
0.100	0.100	0.100	0.700
0.100	0.100	0.700	0.100
>ACACTCACGGGT	22-ACACTCACGGGT	13.605209	-15.147940	0	T:5.0(0.17%),B:3.0(0.01%),P:1e-6	Tpos:381.0,Tstd:234.3,Bpos:236.6,Bstd:37.5,StrandBias:4.2,Multiplicity:4.00
0.997	0.001	0.001	0.001
0.001	0.997	0.001	0.001
0.997	0.001	0.001	0.001
0.001	0.997	0.001	0.001
0.151	0.001	0.001	0.847
0.001	0.997	0.001	0.001
0.991	0.001	0.001	0.007
0.001	0.575	0.001	0.423
0.001	0.423	0.575	0.001
0.001	0.001	0.997	0.001
0.001	0.001	0.997	0.001
0.001	0.001	0.001	0.997
>CCCGGGTCTAGA	23-CCCGGGTCTAGA	13.412887	-11.482827	0	T:4.0(0.13%),B:2.6(0.01%),P:1e-4	Tpos:369.3,Tstd:230.9,Bpos:489.0,Bstd:101.0,StrandBias:4.2,Multiplicity:4.75
0.001	0.997	0.001	0.001
0.001	0.997	0.001	0.001
0.001	0.997	0.001	0.001
0.043	0.001	0.955	0.001
0.001	0.001	0.997	0.001
0.001	0.001	0.997	0.001
0.001	0.001	0.001	0.997
0.001	0.997	0.001	0.001
0.001	0.001	0.001	0.997
0.997	0.001	0.001	0.001
0.001	0.001	0.997	0.001
0.955	0.001	0.043	0.001
>TGTGACTGTGAG	24-TGTGACTGTGAG	12.355432	-11.482827	0	T:4.0(0.13%),B:2.6(0.01%),P:1e-4	Tpos:182.4,Tstd:110.8,Bpos:335.3,Bstd:157.1,StrandBias:3.7,Multiplicity:3.50
0.100	0.100	0.100	0.700
0.100	0.100	0.700	0.100
0.100	0.100	0.100	0.700
0.100	0.100	0.700	0.100
0.700	0.100	0.100	0.100
0.100	0.700	0.100	0.100
0.100	0.100	0.100	0.700
0.100	0.100	0.700	0.100
0.100	0.100	0.100	0.700
0.100	0.100	0.700	0.100
0.700	0.100	0.100	0.100
0.100	0.100	0.700	0.100
>GGTGCTAGGATC	25-GGTGCTAGGATC	6.702669	-7.222729	0	T:329.0(10.93%),B:4301.4(9.20%),P:1e-3	Tpos:395.9,Tstd:282.0,Bpos:309.8,Bstd:183.3,StrandBias:0.3,Multiplicity:1.10
0.125	0.065	0.680	0.130
0.108	0.118	0.651	0.123
0.133	0.071	0.101	0.695
0.106	0.079	0.692	0.123
0.122	0.644	0.109	0.125
0.132	0.128	0.061	0.679
0.689	0.075	0.095	0.141
0.138	0.048	0.659	0.155
0.133	0.091	0.664	0.112
0.651	0.111	0.109	0.129
0.115	0.088	0.106	0.691
0.138	0.606	0.129	0.127
>AAGTGAAA	1-AAGTGAAA	6.693814	-1281.270664	0	T:1760.0(58.49%),B:8119.8(17.37%),P:1e-556	Tpos:372.2,Tstd:255.1,Bpos:307.5,Bstd:184.2,StrandBias:0.0,Multiplicity:1.50
0.997	0.001	0.001	0.001
0.997	0.001	0.001	0.001
0.196	0.270	0.533	0.001
0.001	0.064	0.001	0.934
0.001	0.001	0.997	0.001
0.997	0.001	0.001	0.001
0.997	0.001	0.001	0.001
0.997	0.001	0.001	0.001
>AASAGAAA	2-AASAGAAA	10.220690	-270.960393	0	T:922.0(30.64%),B:6614.3(14.15%),P:1e-117	Tpos:383.2,Tstd:289.1,Bpos:312.7,Bstd:183.3,StrandBias:-0.2,Multiplicity:1.26
0.997	0.001	0.001	0.001
0.997	0.001	0.001	0.001
0.001	0.428	0.570	0.001
0.997	0.001	0.001	0.001
0.001	0.001	0.997	0.001
0.997	0.001	0.001	0.001
0.997	0.001	0.001	0.001
0.997	0.001	0.001	0.001
>TTACTTTC	3-TTACTTTC	10.204200	-185.178491	0	T:526.0(17.48%),B:3300.6(7.06%),P:1e-80	Tpos:390.2,Tstd:289.4,Bpos:308.4,Bstd:185.4,StrandBias:0.0,Multiplicity:1.07
0.001	0.001	0.001	0.997
0.001	0.001	0.001	0.997
0.577	0.001	0.421	0.001
0.001	0.997	0.001	0.001
0.001	0.001	0.001	0.997
0.001	0.001	0.001	0.997
0.001	0.001	0.001	0.997
0.001	0.997	0.001	0.001
>GTAAMCAS	4-GTAAMCAS	6.409304	-90.771054	0	T:1328.0(44.13%),B:15220.0(32.56%),P:1e-39	Tpos:396.0,Tstd:278.3,Bpos:310.2,Bstd:183.6,StrandBias:0.0,Multiplicity:1.40
0.181	0.001	0.720	0.098
0.001	0.371	0.001	0.627
0.997	0.001	0.001	0.001
0.884	0.114	0.001	0.001
0.481	0.414	0.010	0.095
0.001	0.729	0.001	0.269
0.997	0.001	0.001	0.001
0.104	0.329	0.448	0.119
>CCATCTGT	5-CCATCTGT	7.292042	-58.055646	0	T:899.0(29.88%),B:10138.0(21.69%),P:1e-25	Tpos:401.4,Tstd:315.3,Bpos:312.0,Bstd:184.6,StrandBias:0.0,Multiplicity:1.23
0.057	0.796	0.146	0.001
0.066	0.921	0.012	0.001
0.941	0.001	0.001	0.057
0.080	0.058	0.125	0.737
0.001	0.997	0.001	0.001
0.001	0.001	0.007	0.991
0.074	0.001	0.924	0.001
0.001	0.093	0.109	0.797
>TSATTARS	6-TSATTARS	5.739378	-56.930692	0	T:1144.0(38.02%),B:13650.6(29.20%),P:1e-24	Tpos:406.8,Tstd:304.3,Bpos:311.8,Bstd:182.0,StrandBias:0.0,Multiplicity:1.41
0.088	0.079	0.190	0.643
0.141	0.381	0.325	0.152
0.862	0.001	0.006	0.131
0.001	0.047	0.266	0.686
0.023	0.231	0.001	0.745
0.831	0.001	0.001	0.167
0.364	0.053	0.396	0.187
0.068	0.452	0.304	0.175
>TTCCACTT	7-TTCCACTT	9.209286	-45.384322	0	T:382.0(12.70%),B:3654.6(7.82%),P:1e-19	Tpos:419.5,Tstd:318.5,Bpos:310.3,Bstd:183.0,StrandBias:-0.0,Multiplicity:1.09
0.001	0.198	0.001	0.800
0.001	0.194	0.001	0.804
0.001	0.997	0.001	0.001
0.001	0.997	0.001	0.001
0.997	0.001	0.001	0.001
0.001	0.997	0.001	0.001
0.001	0.001	0.001	0.997
0.001	0.001	0.001	0.997
>TGACTCAC	8-TGACTCAC	7.490827	-41.863816	0	T:522.0(17.35%),B:5536.1(11.84%),P:1e-18	Tpos:391.2,Tstd:306.5,Bpos:310.5,Bstd:185.9,StrandBias:0.0,Multiplicity:1.12
0.001	0.102	0.001	0.896
0.200	0.001	0.798	0.001
0.796	0.001	0.001	0.202
0.001	0.714	0.284	0.001
0.001	0.230	0.001	0.768
0.001	0.997	0.001	0.001
0.775	0.221	0.003	0.001
0.011	0.676	0.285	0.028
>TGCTGACA	9-TGCTGACA	8.535262	-38.254395	0	T:493.0(16.38%),B:5261.4(11.25%),P:1e-16	Tpos:421.7,Tstd:315.7,Bpos:312.9,Bstd:187.8,StrandBias:-0.0,Multiplicity:1.12
0.001	0.001	0.129	0.869
0.001	0.001	0.997	0.001
0.001	0.997	0.001	0.001
0.001	0.001	0.001	0.997
0.001	0.131	0.715	0.153
0.997	0.001	0.001	0.001
0.001	0.855	0.143	0.001
0.997	0.001	0.001	0.001
>ATTGAAAC	10-ATTGAAAC	8.236954	-33.439665	0	T:106.0(3.52%),B:696.6(1.49%),P:1e-14	Tpos:387.1,Tstd:238.5,Bpos:315.0,Bstd:181.7,StrandBias:0.1,Multiplicity:1.04
0.700	0.100	0.100	0.100
0.100	0.100	0.100	0.700
0.100	0.100	0.100	0.700
0.100	0.100	0.700	0.100
0.700	0.100	0.100	0.100
0.700	0.100	0.100	0.100
0.700	0.100	0.100	0.100
0.100	0.700	0.100	0.100
>CAAAACCW	11-CAAAACCW	7.027001	-32.098380	0	T:351.0(11.67%),B:3595.0(7.69%),P:1e-13	Tpos:385.1,Tstd:302.8,Bpos:309.3,Bstd:184.2,StrandBias:-0.1,Multiplicity:1.13
0.001	0.997	0.001	0.001
0.561	0.001	0.406	0.032
0.997	0.001	0.001	0.001
0.997	0.001	0.001	0.001
0.997	0.001	0.001	0.001
0.001	0.997	0.001	0.001
0.001	0.997	0.001	0.001
0.547	0.001	0.001	0.451
>TAGTCGTG	12-TAGTCGTG	8.236954	-19.014593	0	T:20.0(0.66%),B:61.0(0.13%),P:1e-8	Tpos:391.9,Tstd:259.4,Bpos:295.7,Bstd:184.3,StrandBias:-0.3,Multiplicity:1.00
0.100	0.100	0.100	0.700
0.700	0.100	0.100	0.100
0.100	0.100	0.700	0.100
0.100	0.100	0.100	0.700
0.100	0.700	0.100	0.100
0.100	0.100	0.700	0.100
0.100	0.100	0.100	0.700
0.100	0.100	0.700	0.100
>ACGKGTCG	13-ACGKGTCG	8.550710	-12.832250	0	T:61.0(2.03%),B:496.1(1.06%),P:1e-5	Tpos:515.0,Tstd:363.5,Bpos:295.3,Bstd:176.9,StrandBias:0.4,Multiplicity:1.27
0.712	0.001	0.001	0.286
0.001	0.997	0.001	0.001
0.001	0.001	0.997	0.001
0.001	0.001	0.537	0.461
0.001	0.001	0.997	0.001
0.001	0.001	0.001	0.997
0.001	0.754	0.244	0.001
0.001	0.001	0.997	0.001
>GSCSSSGG	14-GSCSSSGG	6.370754	-11.380286	0	T:343.0(11.40%),B:4249.7(9.09%),P:1e-4	Tpos:571.4,Tstd:390.0,Bpos:313.4,Bstd:177.9,StrandBias:0.1,Multiplicity:2.93
0.001	0.352	0.567	0.080
0.176	0.346	0.477	0.001
0.037	0.568	0.394	0.001
0.001	0.532	0.466	0.001
0.001	0.522	0.395	0.082
0.001	0.503	0.495	0.001
0.001	0.001	0.997	0.001
0.001	0.157	0.779	0.063
>GCGTAGTA	15-GCGTAGTA	8.236954	-10.317174	0	T:12.0(0.40%),B:43.5(0.09%),P:1e-4	Tpos:300.3,Tstd:152.3,Bpos:296.2,Bstd:187.6,StrandBias:-0.5,Multiplicity:1.00
0.100	0.100	0.700	0.100
0.100	0.700	0.100	0.100
0.100	0.100	0.700	0.100
0.100	0.100	0.100	0.700
0.700	0.100	0.100	0.100
0.100	0.100	0.700	0.100
0.100	0.100	0.100	0.700
0.700	0.100	0.100	0.100
