>GAAAGTGAAA	1-GAAAGTGAAA	9.618534	-2563.241903	0	T:1420.0(47.19%),B:1864.9(3.99%),P:1e-1113	Tpos:359.5,Tstd:230.1,Bpos:301.9,Bstd:182.6,StrandBias:-0.0,Multiplicity:1.20
0.059	0.012	0.928	0.001
0.997	0.001	0.001	0.001
0.996	0.001	0.001	0.002
0.997	0.001	0.001	0.001
0.155	0.222	0.607	0.016
0.097	0.027	0.018	0.858
0.027	0.001	0.971	0.001
0.987	0.001	0.011	0.001
0.997	0.001	0.001	0.001
0.997	0.001	0.001	0.001
>TTTCAYTTTC	2-TTTCAYTTTC	8.587882	-1965.241445	0	T:1646.0(54.70%),B:4374.4(9.36%),P:1e-853	Tpos:400.0,Tstd:298.9,Bpos:310.9,Bstd:182.8,StrandBias:-0.1,Multiplicity:1.12
0.050	0.053	0.001	0.896
0.073	0.030	0.053	0.844
0.055	0.105	0.043	0.797
0.011	0.923	0.047	0.019
0.637	0.067	0.229	0.067
0.059	0.477	0.094	0.370
0.020	0.009	0.001	0.970
0.095	0.032	0.024	0.849
0.049	0.279	0.052	0.620
0.072	0.707	0.088	0.133
>AAACCGAAAC	3-AAACCGAAAC	6.818166	-1792.958862	0	T:1212.0(40.28%),B:2149.7(4.60%),P:1e-778	Tpos:375.6,Tstd:250.3,Bpos:306.9,Bstd:187.6,StrandBias:0.1,Multiplicity:1.21
0.997	0.001	0.001	0.001
0.997	0.001	0.001	0.001
0.997	0.001	0.001	0.001
0.001	0.929	0.069	0.001
0.001	0.755	0.001	0.243
0.353	0.001	0.645	0.001
0.997	0.001	0.001	0.001
0.997	0.001	0.001	0.001
0.997	0.001	0.001	0.001
0.001	0.848	0.150	0.001
>TTTCCWGGAA	4-TTTCCWGGAA	8.348991	-72.392929	0	T:460.0(15.29%),B:4052.4(8.67%),P:1e-31	Tpos:403.9,Tstd:299.7,Bpos:313.4,Bstd:184.1,StrandBias:-0.1,Multiplicity:1.12
0.073	0.129	0.166	0.632
0.001	0.001	0.001	0.997
0.122	0.162	0.001	0.715
0.291	0.592	0.116	0.001
0.001	0.915	0.083	0.001
0.361	0.147	0.085	0.407
0.217	0.001	0.781	0.001
0.166	0.001	0.697	0.136
0.911	0.001	0.001	0.087
0.902	0.001	0.001	0.096
>ATTAATCAGN	5-ATTAATCAGN	7.231542	-67.056114	0	T:859.0(28.55%),B:9316.5(19.93%),P:1e-29	Tpos:392.7,Tstd:289.1,Bpos:310.4,Bstd:180.9,StrandBias:-0.2,Multiplicity:1.27
0.871	0.001	0.121	0.007
0.223	0.071	0.240	0.466
0.001	0.001	0.001	0.997
0.850	0.001	0.001	0.148
0.898	0.100	0.001	0.001
0.302	0.101	0.055	0.542
0.086	0.655	0.258	0.001
0.997	0.001	0.001	0.001
0.001	0.001	0.588	0.410
0.262	0.280	0.224	0.234
>GCTGTTTGCT	6-GCTGTTTGCT	8.778647	-55.904789	0	T:290.0(9.64%),B:2359.3(5.05%),P:1e-24	Tpos:408.3,Tstd:296.5,Bpos:311.8,Bstd:185.6,StrandBias:0.3,Multiplicity:1.04
0.123	0.154	0.713	0.010
0.122	0.512	0.188	0.178
0.001	0.001	0.001	0.997
0.001	0.191	0.807	0.001
0.001	0.153	0.115	0.731
0.001	0.114	0.001	0.884
0.001	0.101	0.001	0.897
0.001	0.168	0.804	0.027
0.013	0.627	0.062	0.298
0.037	0.001	0.001	0.961
>GGAAATYCCC	7-GGAAATYCCC	8.457098	-48.795732	0	T:176.0(5.85%),B:1224.7(2.62%),P:1e-21	Tpos:382.4,Tstd:293.7,Bpos:300.4,Bstd:169.2,StrandBias:0.1,Multiplicity:1.08
0.020	0.001	0.892	0.087
0.006	0.026	0.892	0.076
0.603	0.001	0.370	0.026
0.776	0.125	0.053	0.046
0.590	0.071	0.001	0.338
0.116	0.041	0.261	0.582
0.052	0.359	0.106	0.483
0.063	0.905	0.015	0.017
0.001	0.956	0.042	0.001
0.001	0.854	0.144	0.001
>CCAAGGCGTA	8-CCAAGGCGTA	10.296193	-37.560207	0	T:9.0(0.30%),B:0.8(0.00%),P:1e-16	Tpos:280.3,Tstd:164.6,Bpos:577.0,Bstd:0.0,StrandBias:-1.0,Multiplicity:1.00
0.100	0.700	0.100	0.100
0.100	0.700	0.100	0.100
0.700	0.100	0.100	0.100
0.700	0.100	0.100	0.100
0.100	0.100	0.700	0.100
0.100	0.100	0.700	0.100
0.100	0.700	0.100	0.100
0.100	0.100	0.700	0.100
0.100	0.100	0.100	0.700
0.700	0.100	0.100	0.100
>GGTAGTCGTG	9-GGTAGTCGTG	10.296193	-31.379589	0	T:9.0(0.30%),B:2.1(0.00%),P:1e-13	Tpos:303.6,Tstd:182.1,Bpos:318.3,Bstd:124.4,StrandBias:-0.3,Multiplicity:1.00
0.100	0.100	0.700	0.100
0.100	0.100	0.700	0.100
0.100	0.100	0.100	0.700
0.700	0.100	0.100	0.100
0.100	0.100	0.700	0.100
0.100	0.100	0.100	0.700
0.100	0.700	0.100	0.100
0.100	0.100	0.700	0.100
0.100	0.100	0.100	0.700
0.100	0.100	0.700	0.100
>GCATTACSTT	10-GCATTACSTT	12.106544	-28.833626	0	T:26.0(0.86%),B:63.1(0.13%),P:1e-12	Tpos:368.0,Tstd:350.4,Bpos:320.5,Bstd:182.7,StrandBias:-0.2,Multiplicity:1.00
0.001	0.001	0.997	0.001
0.001	0.997	0.001	0.001
0.997	0.001	0.001	0.001
0.001	0.382	0.001	0.616
0.001	0.001	0.001	0.997
0.997	0.001	0.001	0.001
0.001	0.997	0.001	0.001
0.001	0.463	0.535	0.001
0.001	0.001	0.001	0.997
0.001	0.001	0.001	0.997
>GGCCGACACG	11-GGCCGACACG	10.296193	-27.788076	0	T:9.0(0.30%),B:3.4(0.01%),P:1e-12	Tpos:233.9,Tstd:194.3,Bpos:381.9,Bstd:154.5,StrandBias:-0.3,Multiplicity:1.00
0.100	0.100	0.700	0.100
0.100	0.100	0.700	0.100
0.100	0.700	0.100	0.100
0.100	0.700	0.100	0.100
0.100	0.100	0.700	0.100
0.700	0.100	0.100	0.100
0.100	0.700	0.100	0.100
0.700	0.100	0.100	0.100
0.100	0.700	0.100	0.100
0.100	0.100	0.700	0.100
>GGGTGCHAGG	12-GGGTGCHAGG	7.231763	-27.267248	0	T:540.0(17.95%),B:6269.0(13.41%),P:1e-11	Tpos:432.0,Tstd:325.0,Bpos:311.4,Bstd:178.4,StrandBias:-0.0,Multiplicity:1.30
0.110	0.042	0.641	0.207
0.151	0.168	0.573	0.108
0.047	0.009	0.675	0.269
0.177	0.154	0.134	0.535
0.036	0.012	0.951	0.001
0.014	0.943	0.006	0.037
0.278	0.279	0.041	0.403
0.541	0.086	0.364	0.009
0.012	0.028	0.913	0.047
0.012	0.049	0.929	0.010
>TCGCGGGAGT	13-TCGCGGGAGT	7.536164	-26.022127	0	T:81.0(2.69%),B:531.2(1.14%),P:1e-11	Tpos:431.4,Tstd:328.7,Bpos:301.4,Bstd:186.6,StrandBias:0.2,Multiplicity:1.09
0.032	0.216	0.202	0.550
0.175	0.662	0.001	0.162
0.027	0.350	0.622	0.001
0.226	0.638	0.131	0.005
0.139	0.002	0.675	0.184
0.029	0.001	0.969	0.001
0.196	0.170	0.527	0.107
0.593	0.157	0.112	0.138
0.022	0.296	0.681	0.001
0.015	0.159	0.239	0.587
>GCATCCTGTT	14-GCATCCTGTT	10.557141	-25.748627	0	T:44.0(1.46%),B:199.3(0.43%),P:1e-11	Tpos:265.5,Tstd:188.7,Bpos:307.5,Bstd:183.0,StrandBias:-0.4,Multiplicity:1.00
0.001	0.001	0.997	0.001
0.001	0.997	0.001	0.001
0.796	0.001	0.202	0.001
0.001	0.001	0.118	0.880
0.104	0.894	0.001	0.001
0.001	0.881	0.117	0.001
0.001	0.001	0.001	0.997
0.001	0.001	0.997	0.001
0.001	0.001	0.001	0.997
0.418	0.001	0.001	0.580
>GAAAAAGCGC	15-GAAAAAGCGC	12.251157	-23.145761	0	T:13.0(0.43%),B:16.1(0.03%),P:1e-10	Tpos:321.8,Tstd:177.6,Bpos:259.2,Bstd:162.4,StrandBias:0.2,Multiplicity:1.00
0.001	0.001	0.997	0.001
0.997	0.001	0.001	0.001
0.997	0.001	0.001	0.001
0.997	0.001	0.001	0.001
0.997	0.001	0.001	0.001
0.793	0.001	0.001	0.205
0.001	0.001	0.997	0.001
0.001	0.997	0.001	0.001
0.001	0.001	0.997	0.001
0.001	0.997	0.001	0.001
>TAACAATGAC	16-TAACAATGAC	10.296193	-20.719350	0	T:18.0(0.60%),B:43.4(0.09%),P:1e-8	Tpos:285.1,Tstd:169.9,Bpos:285.0,Bstd:145.3,StrandBias:-0.3,Multiplicity:1.00
0.100	0.100	0.100	0.700
0.700	0.100	0.100	0.100
0.700	0.100	0.100	0.100
0.100	0.700	0.100	0.100
0.700	0.100	0.100	0.100
0.700	0.100	0.100	0.100
0.100	0.100	0.100	0.700
0.100	0.100	0.700	0.100
0.700	0.100	0.100	0.100
0.100	0.700	0.100	0.100
>AAYCACGCGC	17-AAYCACGCGC	10.269516	-20.392749	0	T:9.0(0.30%),B:7.8(0.02%),P:1e-8	Tpos:374.9,Tstd:125.2,Bpos:197.6,Bstd:92.7,StrandBias:-0.3,Multiplicity:1.00
0.797	0.101	0.101	0.001
0.797	0.101	0.101	0.001
0.001	0.570	0.001	0.428
0.077	0.744	0.178	0.001
0.821	0.001	0.101	0.077
0.001	0.898	0.001	0.100
0.001	0.001	0.997	0.001
0.001	0.997	0.001	0.001
0.101	0.001	0.821	0.077
0.001	0.619	0.154	0.226
>AAATTATGCA	18-AAATTATGCA	10.296193	-17.665184	0	T:25.0(0.83%),B:100.5(0.22%),P:1e-7	Tpos:397.6,Tstd:216.9,Bpos:309.4,Bstd:177.2,StrandBias:-0.3,Multiplicity:1.00
0.700	0.100	0.100	0.100
0.700	0.100	0.100	0.100
0.700	0.100	0.100	0.100
0.100	0.100	0.100	0.700
0.100	0.100	0.100	0.700
0.700	0.100	0.100	0.100
0.100	0.100	0.100	0.700
0.100	0.100	0.700	0.100
0.100	0.700	0.100	0.100
0.700	0.100	0.100	0.100
>TGACTCGCCC	19-TGACTCGCCC	13.771897	-17.390552	0	T:8.0(0.27%),B:7.8(0.02%),P:1e-7	Tpos:369.0,Tstd:223.3,Bpos:198.7,Bstd:161.5,StrandBias:0.0,Multiplicity:1.00
0.001	0.001	0.001	0.997
0.001	0.001	0.997	0.001
0.997	0.001	0.001	0.001
0.001	0.997	0.001	0.001
0.001	0.060	0.001	0.938
0.001	0.997	0.001	0.001
0.001	0.001	0.997	0.001
0.001	0.997	0.001	0.001
0.001	0.997	0.001	0.001
0.001	0.997	0.001	0.001
>CGCGCCGCGG	20-CGCGCCGCGG	8.260069	-17.019490	0	T:59.0(1.96%),B:415.7(0.89%),P:1e-7	Tpos:560.6,Tstd:392.9,Bpos:310.9,Bstd:180.7,StrandBias:0.2,Multiplicity:1.21
0.092	0.716	0.101	0.091
0.099	0.144	0.668	0.089
0.097	0.708	0.106	0.089
0.095	0.109	0.704	0.092
0.104	0.676	0.139	0.081
0.093	0.705	0.093	0.109
0.058	0.113	0.720	0.109
0.112	0.667	0.128	0.093
0.108	0.099	0.696	0.097
0.074	0.103	0.743	0.080
>ACACGCGYCG	21-ACACGCGYCG	8.607927	-16.394918	0	T:16.0(0.53%),B:45.1(0.10%),P:1e-7	Tpos:406.4,Tstd:259.8,Bpos:325.5,Bstd:154.0,StrandBias:1.4,Multiplicity:2.00
0.861	0.049	0.001	0.089
0.051	0.622	0.225	0.102
0.626	0.050	0.102	0.222
0.001	0.997	0.001	0.001
0.088	0.139	0.700	0.073
0.003	0.534	0.364	0.099
0.209	0.099	0.543	0.149
0.051	0.397	0.038	0.514
0.099	0.559	0.292	0.050
0.001	0.049	0.901	0.049
>GACTGTGAGG	22-GACTGTGAGG	-0.099163	-9.441723	0	T:1235.0(41.04%),B:17612.8(37.67%),P:1e-4	Tpos:414.4,Tstd:322.4,Bpos:312.1,Bstd:183.4,StrandBias:0.1,Multiplicity:1.44
0.001	0.001	0.997	0.001
0.997	0.001	0.001	0.001
0.001	0.997	0.001	0.001
0.001	0.001	0.116	0.882
0.001	0.001	0.997	0.001
0.001	0.001	0.001	0.997
0.001	0.001	0.997	0.001
0.997	0.001	0.001	0.001
0.001	0.001	0.997	0.001
0.001	0.001	0.997	0.001
>GCGGGTGCTA	23-GCGGGTGCTA	6.404373	-7.600904	0	T:531.0(17.65%),B:7212.1(15.43%),P:1e-3	Tpos:455.6,Tstd:348.0,Bpos:315.9,Bstd:187.0,StrandBias:0.1,Multiplicity:1.27
0.100	0.100	0.700	0.100
0.100	0.700	0.100	0.100
0.100	0.100	0.700	0.100
0.100	0.100	0.700	0.100
0.100	0.100	0.700	0.100
0.100	0.100	0.100	0.700
0.100	0.100	0.700	0.100
0.100	0.700	0.100	0.100
0.100	0.100	0.100	0.700
0.700	0.100	0.100	0.100
>GATCAGGGCC	24-GATCAGGGCC	10.500909	-7.025897	0	T:12.0(0.40%),B:62.6(0.13%),P:1e-3	Tpos:465.7,Tstd:245.9,Bpos:326.0,Bstd:171.3,StrandBias:1.2,Multiplicity:2.25
0.001	0.001	0.997	0.001
0.997	0.001	0.001	0.001
0.001	0.001	0.001	0.997
0.191	0.807	0.001	0.001
0.997	0.001	0.001	0.001
0.001	0.001	0.997	0.001
0.001	0.044	0.954	0.001
0.001	0.001	0.997	0.001
0.001	0.997	0.001	0.001
0.001	0.997	0.001	0.001
>CGGGTCTAGA	25-CGGGTCTAGA	10.296193	-2.849425	0	T:2.0(0.07%),B:6.7(0.01%),P:1e-1	Tpos:396.4,Tstd:229.5,Bpos:392.1,Bstd:135.0,StrandBias:4.0,Multiplicity:8.50
0.100	0.700	0.100	0.100
0.100	0.100	0.700	0.100
0.100	0.100	0.700	0.100
0.100	0.100	0.700	0.100
0.100	0.100	0.100	0.700
0.100	0.700	0.100	0.100
0.100	0.100	0.100	0.700
0.700	0.100	0.100	0.100
0.100	0.100	0.700	0.100
0.700	0.100	0.100	0.100
