>CATGAGGTTTAA	16-CATGAGGTTTAA,BestGuess:Crx/MA0467.1/Jaspar(0.613)	9.472024	-20.227946	0	T:57.0(5.70%),B:1142.3(2.34%),P:1e-8
0.072	0.857	0.043	0.028
0.934	0.045	0.001	0.020
0.075	0.001	0.032	0.892
0.062	0.085	0.767	0.086
0.839	0.013	0.086	0.062
0.069	0.016	0.871	0.044
0.120	0.058	0.704	0.118
0.142	0.070	0.052	0.736
0.027	0.065	0.047	0.861
0.073	0.045	0.051	0.831
0.840	0.036	0.083	0.041
0.875	0.027	0.018	0.080
