>GTTTACTCAAGC	10-GCTTGAGTAAAC	9.623186	-26.873486	0	T:44.0(4.40%),B:611.1(1.25%),P:1e-11
0.001	0.123	0.778	0.098
0.001	0.179	0.001	0.819
0.001	0.045	0.011	0.943
0.045	0.118	0.090	0.747
0.795	0.088	0.033	0.084
0.082	0.827	0.090	0.001
0.029	0.001	0.001	0.969
0.090	0.807	0.058	0.045
0.882	0.045	0.001	0.072
0.894	0.001	0.075	0.030
0.066	0.068	0.821	0.045
0.075	0.724	0.038	0.163
