>GAGTGAGAGATA	18-TATCTCTCACTC	9.493654	-19.545168	0	T:96.0(9.60%),B:2480.7(5.07%),P:1e-8
0.066	0.092	0.817	0.025
0.904	0.001	0.058	0.037
0.012	0.077	0.866	0.045
0.121	0.021	0.066	0.792
0.095	0.065	0.768	0.072
0.864	0.025	0.067	0.044
0.008	0.009	0.962	0.021
0.905	0.001	0.056	0.038
0.041	0.096	0.822	0.041
0.844	0.100	0.031	0.025
0.091	0.092	0.135	0.682
0.786	0.127	0.039	0.048
