>GAGGTAAGCTAT	8-ATAGCTTACCTC	9.366130	-28.742305	0	T:52.0(5.20%),B:777.7(1.59%),P:1e-12
0.061	0.073	0.865	0.001
0.906	0.001	0.074	0.019
0.087	0.001	0.911	0.001
0.057	0.001	0.759	0.183
0.163	0.042	0.001	0.794
0.811	0.045	0.143	0.001
0.888	0.042	0.069	0.001
0.142	0.063	0.728	0.067
0.161	0.810	0.028	0.001
0.001	0.075	0.042	0.882
0.769	0.104	0.069	0.058
0.074	0.001	0.042	0.883
