>CTTTGCTGGTCA	23-TGACCAGCAAAG	10.598263	-14.624029	0	T:22.0(2.20%),B:298.3(0.61%),P:1e-6
0.063	0.789	0.053	0.095
0.028	0.001	0.001	0.970
0.039	0.079	0.003	0.879
0.047	0.127	0.073	0.753
0.063	0.055	0.785	0.097
0.042	0.928	0.001	0.029
0.122	0.001	0.001	0.876
0.001	0.001	0.923	0.075
0.049	0.050	0.765	0.136
0.047	0.039	0.199	0.715
0.106	0.692	0.119	0.083
0.935	0.063	0.001	0.001
