>AGCWGCTTTCTC	12-AGCWGCTTTCTC	9.975949	-23.979810	0	T:63.0(6.30%),B:1207.5(2.47%),P:1e-10
0.588	0.001	0.248	0.163
0.082	0.027	0.890	0.001
0.001	0.783	0.002	0.214
0.448	0.001	0.001	0.550
0.059	0.001	0.736	0.204
0.001	0.935	0.001	0.063
0.001	0.218	0.001	0.780
0.124	0.001	0.001	0.874
0.075	0.092	0.001	0.832
0.001	0.922	0.076	0.001
0.089	0.108	0.001	0.802
0.100	0.652	0.188	0.060
