>GCTTGAGTAAAC	10-GCTTGAGTAAAC,BestGuess:PAX6(Paired,Homeobox)/Forebrain-Pax6-ChIP-Seq(GSE66961)/Homer(0.669)	9.623186	-26.873486	0	T:44.0(4.40%),B:611.1(1.25%),P:1e-11
0.163	0.038	0.724	0.075
0.045	0.821	0.068	0.066
0.030	0.075	0.001	0.894
0.072	0.001	0.045	0.882
0.045	0.058	0.807	0.090
0.969	0.001	0.001	0.029
0.001	0.090	0.827	0.082
0.084	0.033	0.088	0.795
0.747	0.090	0.118	0.045
0.943	0.011	0.045	0.001
0.819	0.001	0.179	0.001
0.098	0.778	0.123	0.001
