>TTAATGATTAAC	3-GTTAATCATTAA	8.525376	-41.372665	0	T:88.0(8.99%),B:1483.4(3.06%),P:1e-17
0.061	0.042	0.040	0.857
0.095	0.017	0.045	0.843
0.837	0.025	0.113	0.025
0.893	0.076	0.001	0.030
0.073	0.025	0.047	0.855
0.105	0.188	0.655	0.052
0.789	0.057	0.041	0.113
0.043	0.039	0.001	0.917
0.035	0.025	0.092	0.848
0.892	0.037	0.051	0.020
0.856	0.039	0.044	0.061
0.110	0.768	0.055	0.067
