>GAAAGCAAAAGC	2-GAAAGCAAAAGC	9.290654	-52.512199	0	T:127.0(12.97%),B:2332.0(4.81%),P:1e-22
0.051	0.072	0.806	0.071
0.910	0.001	0.038	0.051
0.907	0.012	0.057	0.024
0.953	0.001	0.026	0.020
0.042	0.048	0.845	0.065
0.080	0.826	0.054	0.040
0.871	0.050	0.062	0.017
0.862	0.058	0.064	0.016
0.764	0.105	0.059	0.072
0.863	0.001	0.080	0.056
0.087	0.067	0.689	0.157
0.107	0.712	0.085	0.096
