>GGGTGCTAGGAT	20-GGGTGCTAGGAT	10.340211	-8.749548	0	T:3.0(0.31%),B:6.0(0.01%),P:1e-3
0.098	0.101	0.680	0.121
0.156	0.117	0.610	0.117
0.113	0.113	0.622	0.152
0.102	0.094	0.074	0.730
0.094	0.086	0.750	0.070
0.105	0.630	0.160	0.105
0.137	0.105	0.125	0.633
0.676	0.113	0.086	0.125
0.129	0.047	0.672	0.152
0.102	0.098	0.671	0.129
0.629	0.090	0.129	0.152
0.102	0.086	0.113	0.699
