>GTTAATCATTAA	3-GTTAATCATTAA,BestGuess:HNF1B/MA0153.2/Jaspar(0.958)	8.525376	-41.372665	0	T:88.0(8.99%),B:1483.4(3.06%),P:1e-17
0.067	0.055	0.768	0.110
0.061	0.044	0.039	0.856
0.020	0.051	0.037	0.892
0.848	0.092	0.025	0.035
0.917	0.001	0.039	0.043
0.113	0.041	0.057	0.789
0.052	0.655	0.188	0.105
0.855	0.047	0.025	0.073
0.030	0.001	0.076	0.893
0.025	0.113	0.025	0.837
0.843	0.045	0.017	0.095
0.857	0.040	0.042	0.061
