>GAVTTTGACTAC	18-GAVTTTGACTAC	10.461754	-44.168671	0	T:61.0(1.11%),B:116.2(0.26%),P:1e-19
0.070	0.001	0.882	0.047
0.952	0.001	0.046	0.001
0.354	0.236	0.293	0.116
0.001	0.047	0.047	0.905
0.001	0.192	0.047	0.760
0.047	0.001	0.047	0.905
0.048	0.002	0.923	0.027
0.903	0.001	0.095	0.001
0.001	0.904	0.094	0.001
0.001	0.094	0.001	0.904
0.951	0.001	0.047	0.001
0.094	0.867	0.034	0.005
