>GTGGTTGCCAGG	7-GTGGTTGCCAGG,BestGuess:Rfx5(HTH)/GM12878-Rfx5-ChIP-Seq(GSE31477)/Homer(0.816)	11.297357	-60.381901	0	T:55.0(1.25%),B:85.5(0.19%),P:1e-26
0.324	0.024	0.627	0.025
0.042	0.048	0.242	0.668
0.290	0.001	0.570	0.139
0.096	0.117	0.748	0.039
0.060	0.024	0.210	0.706
0.229	0.001	0.026	0.744
0.125	0.025	0.787	0.063
0.024	0.921	0.018	0.037
0.048	0.684	0.024	0.244
0.950	0.048	0.001	0.001
0.261	0.001	0.720	0.018
0.024	0.001	0.951	0.024
