>TTCCAGGAAATG	10-TTCCAGGAAATG	8.577277	-44.558341	0	T:225.0(5.10%),B:1189.0(2.62%),P:1e-19
0.121	0.134	0.085	0.660
0.159	0.055	0.125	0.661
0.199	0.570	0.148	0.083
0.097	0.760	0.024	0.119
0.734	0.009	0.009	0.248
0.151	0.014	0.739	0.096
0.084	0.108	0.653	0.155
0.612	0.184	0.091	0.113
0.764	0.066	0.057	0.113
0.574	0.192	0.128	0.106
0.136	0.012	0.148	0.704
0.156	0.139	0.575	0.130
