>ASTTTCACTTTC	1-ASTTTCACTTTC,BestGuess:IRF1(IRF)/PBMC-IRF1-ChIP-Seq(GSE43036)/Homer(0.996)	10.100271	-9965.330112	0	T:3114.0(70.53%),B:788.3(1.74%),P:1e-4327
0.533	0.064	0.272	0.131
0.046	0.486	0.424	0.044
0.047	0.048	0.023	0.882
0.040	0.030	0.037	0.893
0.027	0.048	0.034	0.891
0.026	0.798	0.025	0.151
0.710	0.054	0.105	0.131
0.048	0.487	0.305	0.160
0.038	0.029	0.017	0.916
0.047	0.041	0.026	0.886
0.044	0.087	0.035	0.834
0.068	0.686	0.049	0.197
