>AGTGAAAGTAAA	3-AGTGAAAGTAAA	8.338156	-531.522681	0	T:710.0(38.57%),B:4795.3(9.98%),P:1e-230
0.828	0.024	0.090	0.058
0.062	0.088	0.827	0.023
0.113	0.026	0.046	0.815
0.074	0.058	0.812	0.056
0.881	0.032	0.026	0.061
0.881	0.038	0.037	0.044
0.827	0.030	0.067	0.076
0.039	0.041	0.852	0.068
0.054	0.045	0.085	0.816
0.804	0.037	0.085	0.074
0.843	0.032	0.051	0.074
0.819	0.041	0.052	0.088
