>VCTTGCAAGGAN	10-VCTTGCAAGGAN,BestGuess:Bcl6/MA0463.1/Jaspar(0.649)	9.698523	-28.028887	0	T:8.0(0.43%),B:3.2(0.01%),P:1e-12
0.231	0.235	0.346	0.187
0.127	0.629	0.141	0.103
0.144	0.101	0.090	0.665
0.136	0.086	0.126	0.652
0.127	0.106	0.673	0.094
0.096	0.592	0.149	0.163
0.617	0.134	0.108	0.141
0.660	0.097	0.119	0.124
0.125	0.101	0.630	0.144
0.100	0.122	0.629	0.149
0.611	0.111	0.134	0.144
0.300	0.243	0.196	0.262
