>NTCCTTGCAAGB	10-VCTTGCAAGGAN	9.698523	-28.028887	0	T:8.0(0.43%),B:3.2(0.01%),P:1e-12
0.262	0.196	0.243	0.300
0.144	0.134	0.111	0.611
0.149	0.629	0.122	0.100
0.144	0.630	0.101	0.125
0.124	0.119	0.097	0.660
0.141	0.108	0.134	0.617
0.163	0.149	0.592	0.096
0.094	0.673	0.106	0.127
0.652	0.126	0.086	0.136
0.665	0.090	0.101	0.144
0.103	0.141	0.629	0.127
0.187	0.346	0.235	0.231
