>RCTTTCASTTTC	1-GAAASTGAAAGY	8.851592	-2925.069211	0	T:1194.0(64.86%),B:1559.6(3.25%),P:1e-1270
0.374	0.127	0.298	0.201
0.050	0.517	0.336	0.097
0.107	0.090	0.054	0.749
0.111	0.032	0.049	0.808
0.026	0.144	0.016	0.814
0.076	0.748	0.022	0.154
0.549	0.086	0.222	0.143
0.103	0.419	0.285	0.193
0.024	0.047	0.078	0.851
0.139	0.100	0.054	0.707
0.106	0.094	0.070	0.730
0.091	0.705	0.089	0.115
