>VACACGCACCGH	7-VACACGCACCGH	10.606437	-36.753510	0	T:8.0(0.43%),B:0.9(0.00%),P:1e-15
0.313	0.286	0.246	0.156
0.950	0.033	0.001	0.016
0.067	0.882	0.034	0.017
0.965	0.033	0.001	0.001
0.175	0.696	0.048	0.081
0.099	0.067	0.559	0.275
0.033	0.949	0.001	0.017
0.802	0.093	0.001	0.104
0.030	0.903	0.050	0.017
0.148	0.504	0.094	0.254
0.169	0.205	0.444	0.182
0.334	0.219	0.174	0.273
