>CTGTGAGTCATC	20-GATGACTCACAG	8.739442	-18.632911	0	T:76.0(7.60%),B:1823.3(3.73%),P:1e-8
0.073	0.764	0.098	0.065
0.064	0.001	0.001	0.934
0.083	0.090	0.811	0.016
0.052	0.001	0.030	0.917
0.025	0.025	0.909	0.041
0.835	0.001	0.063	0.101
0.102	0.091	0.717	0.090
0.071	0.082	0.060	0.787
0.003	0.819	0.061	0.117
0.930	0.001	0.001	0.068
0.035	0.065	0.041	0.859
0.126	0.725	0.103	0.046
