>TTTCCCCAGCCA	5-TTTCCCCAGCCA,BestGuess:PB0167.1_Sox13_2/Jaspar(0.653)	9.318979	-32.281508	0	T:83.0(8.30%),B:1560.3(3.19%),P:1e-14
0.001	0.038	0.001	0.960
0.043	0.071	0.034	0.852
0.018	0.093	0.089	0.800
0.033	0.750	0.136	0.081
0.127	0.780	0.001	0.092
0.033	0.839	0.040	0.088
0.125	0.704	0.001	0.170
0.933	0.001	0.014	0.052
0.104	0.016	0.781	0.099
0.015	0.937	0.047	0.001
0.110	0.797	0.033	0.060
0.871	0.001	0.035	0.093
