>TTAAACCTCATG	16-CATGAGGTTTAA	9.472024	-20.227946	0	T:57.0(5.70%),B:1142.3(2.34%),P:1e-8
0.080	0.018	0.027	0.875
0.041	0.083	0.036	0.840
0.831	0.051	0.045	0.073
0.861	0.047	0.065	0.027
0.736	0.052	0.070	0.142
0.118	0.704	0.058	0.120
0.044	0.871	0.016	0.069
0.062	0.086	0.013	0.839
0.086	0.767	0.085	0.062
0.892	0.032	0.001	0.075
0.020	0.001	0.045	0.934
0.028	0.043	0.857	0.072
