>TCTGCTCTGAGG	15-TCTGCTCTGAGG	8.490891	-22.289001	0	T:109.0(10.26%),B:2635.5(5.40%),P:1e-9
0.087	0.040	0.132	0.741
0.057	0.889	0.019	0.035
0.112	0.001	0.001	0.886
0.049	0.103	0.760	0.088
0.037	0.818	0.057	0.088
0.021	0.021	0.037	0.921
0.001	0.796	0.115	0.088
0.072	0.037	0.001	0.890
0.134	0.023	0.807	0.036
0.853	0.029	0.027	0.091
0.074	0.001	0.868	0.057
0.090	0.112	0.779	0.019
