>TTTCCATGGCAG	13-TTTCCATGGCAG	8.348212	-23.273901	0	T:121.0(12.10%),B:3192.4(6.52%),P:1e-10
0.053	0.089	0.001	0.857
0.032	0.067	0.122	0.779
0.017	0.030	0.048	0.905
0.094	0.685	0.115	0.106
0.038	0.876	0.001	0.085
0.786	0.089	0.013	0.112
0.052	0.011	0.074	0.863
0.061	0.052	0.808	0.079
0.041	0.039	0.881	0.039
0.059	0.826	0.088	0.027
0.903	0.017	0.001	0.079
0.031	0.027	0.838	0.104
