>TGACCAGCAAAG	23-TGACCAGCAAAG,BestGuess:ZNF416(Zf)/HEK293-ZNF416.GFP-ChIP-Seq(GSE58341)/Homer(0.643)	10.598263	-14.624029	0	T:22.0(2.20%),B:298.3(0.61%),P:1e-6
0.001	0.001	0.063	0.935
0.083	0.119	0.692	0.106
0.715	0.199	0.039	0.047
0.136	0.765	0.050	0.049
0.075	0.923	0.001	0.001
0.876	0.001	0.001	0.122
0.029	0.001	0.928	0.042
0.097	0.785	0.055	0.063
0.753	0.073	0.127	0.047
0.879	0.003	0.079	0.039
0.970	0.001	0.001	0.028
0.095	0.053	0.789	0.063
