>TTTCCATGGCAG	21-TTTCCATGGCAG	9.116217	-17.417204	0	T:82.0(8.20%),B:2089.1(4.27%),P:1e-7
0.035	0.094	0.001	0.870
0.028	0.078	0.134	0.760
0.016	0.041	0.050	0.893
0.110	0.691	0.096	0.103
0.031	0.876	0.001	0.092
0.805	0.086	0.015	0.094
0.042	0.014	0.073	0.871
0.068	0.049	0.794	0.089
0.038	0.041	0.877	0.044
0.048	0.827	0.091	0.034
0.892	0.017	0.001	0.090
0.032	0.034	0.850	0.084
