>ASTTTCACTTTC	1-ASTTTCACTTTC	10.100271	-9965.330112	0	T:3114.0(70.53%),B:788.3(1.74%),P:1e-4327	Tpos:231.2,Tstd:139.8,Bpos:223.7,Bstd:137.7,StrandBias:-0.1,Multiplicity:1.12
0.533	0.064	0.272	0.131
0.046	0.486	0.424	0.044
0.047	0.048	0.023	0.882
0.040	0.030	0.037	0.893
0.027	0.048	0.034	0.891
0.026	0.798	0.025	0.151
0.710	0.054	0.105	0.131
0.048	0.487	0.305	0.160
0.038	0.029	0.017	0.916
0.047	0.041	0.026	0.886
0.044	0.087	0.035	0.834
0.068	0.686	0.049	0.197
>RCTTTCASTTTC	2-RCTTTCASTTTC	9.325834	-8769.606863	0	T:3912.0(88.61%),B:3259.9(7.20%),P:1e-3808	Tpos:221.5,Tstd:150.9,Bpos:221.1,Bstd:142.9,StrandBias:0.0,Multiplicity:1.27
0.445	0.057	0.375	0.123
0.019	0.584	0.375	0.022
0.001	0.001	0.001	0.997
0.001	0.001	0.001	0.997
0.001	0.039	0.001	0.959
0.001	0.744	0.001	0.254
0.483	0.036	0.324	0.158
0.042	0.404	0.410	0.143
0.001	0.001	0.001	0.997
0.008	0.001	0.001	0.990
0.073	0.143	0.001	0.783
0.082	0.601	0.068	0.249
>GAAASTGAAAST	3-GAAASTGAAAST	9.198330	-8125.164902	0	T:3836.0(86.89%),B:3528.5(7.79%),P:1e-3528	Tpos:221.9,Tstd:148.3,Bpos:217.2,Bstd:143.0,StrandBias:0.1,Multiplicity:1.12
0.225	0.089	0.470	0.217
0.822	0.001	0.176	0.001
0.776	0.001	0.071	0.152
0.997	0.001	0.001	0.001
0.205	0.297	0.373	0.124
0.196	0.001	0.122	0.681
0.001	0.001	0.997	0.001
0.858	0.001	0.140	0.001
0.912	0.001	0.001	0.086
0.934	0.001	0.064	0.001
0.056	0.391	0.491	0.063
0.129	0.269	0.104	0.499
>GAAAGGGAAAGG	4-GAAAGGGAAAGG	10.483457	-203.395324	0	T:419.0(9.49%),B:1386.8(3.06%),P:1e-88	Tpos:250.6,Tstd:173.7,Bpos:220.1,Bstd:145.9,StrandBias:-0.2,Multiplicity:1.17
0.060	0.249	0.690	0.001
0.819	0.001	0.179	0.001
0.694	0.001	0.304	0.001
0.731	0.001	0.267	0.001
0.154	0.001	0.844	0.001
0.022	0.001	0.813	0.164
0.319	0.001	0.580	0.100
0.997	0.001	0.001	0.001
0.997	0.001	0.001	0.001
0.951	0.001	0.047	0.001
0.103	0.001	0.598	0.298
0.122	0.001	0.876	0.001
>AAGTGGAATCAT	5-AAGTGGAATCAT	12.240896	-68.787867	0	T:59.0(1.34%),B:84.8(0.19%),P:1e-29	Tpos:217.8,Tstd:142.4,Bpos:220.0,Bstd:119.4,StrandBias:0.1,Multiplicity:1.02
0.864	0.001	0.134	0.001
0.972	0.001	0.026	0.001
0.001	0.001	0.916	0.082
0.001	0.036	0.001	0.962
0.115	0.001	0.883	0.001
0.037	0.036	0.926	0.001
0.972	0.001	0.001	0.026
0.962	0.036	0.001	0.001
0.001	0.001	0.001	0.997
0.001	0.954	0.001	0.044
0.924	0.039	0.036	0.001
0.001	0.056	0.015	0.928
>TTGCACAACAAT	6-TTGCACAACAAT	12.249729	-62.548765	0	T:47.0(1.06%),B:56.7(0.13%),P:1e-27	Tpos:168.3,Tstd:117.6,Bpos:210.3,Bstd:110.6,StrandBias:-0.3,Multiplicity:1.00
0.001	0.071	0.001	0.927
0.001	0.001	0.001	0.997
0.001	0.001	0.968	0.030
0.001	0.957	0.001	0.041
0.981	0.017	0.001	0.001
0.024	0.915	0.001	0.060
0.997	0.001	0.001	0.001
0.927	0.041	0.031	0.001
0.001	0.825	0.001	0.173
0.927	0.001	0.041	0.031
0.845	0.025	0.060	0.070
0.001	0.041	0.041	0.917
>GTGGTTGCCAGG	7-GTGGTTGCCAGG	11.297357	-60.381901	0	T:55.0(1.25%),B:85.5(0.19%),P:1e-26	Tpos:174.9,Tstd:99.5,Bpos:221.7,Bstd:127.3,StrandBias:0.1,Multiplicity:1.02
0.324	0.024	0.627	0.025
0.042	0.048	0.242	0.668
0.290	0.001	0.570	0.139
0.096	0.117	0.748	0.039
0.060	0.024	0.210	0.706
0.229	0.001	0.026	0.744
0.125	0.025	0.787	0.063
0.024	0.921	0.018	0.037
0.048	0.684	0.024	0.244
0.950	0.048	0.001	0.001
0.261	0.001	0.720	0.018
0.024	0.001	0.951	0.024
>AAGTGGCCAATG	8-AAGTGGCCAATG	13.646375	-57.891329	0	T:14.0(0.32%),B:0.9(0.00%),P:1e-25	Tpos:190.5,Tstd:146.2,Bpos:186.0,Bstd:0.0,StrandBias:0.0,Multiplicity:1.00
0.997	0.001	0.001	0.001
0.943	0.001	0.055	0.001
0.001	0.001	0.997	0.001
0.001	0.001	0.001	0.997
0.001	0.001	0.997	0.001
0.001	0.001	0.997	0.001
0.001	0.997	0.001	0.001
0.001	0.997	0.001	0.001
0.943	0.001	0.055	0.001
0.997	0.001	0.001	0.001
0.001	0.001	0.001	0.997
0.001	0.001	0.997	0.001
>TTCCAGGAAATG	9-TTCCAGGAAATG	9.494301	-49.955454	0	T:198.0(4.48%),B:944.3(2.09%),P:1e-21	Tpos:239.0,Tstd:174.7,Bpos:209.7,Bstd:142.8,StrandBias:0.0,Multiplicity:1.06
0.034	0.076	0.036	0.854
0.055	0.030	0.076	0.839
0.089	0.798	0.068	0.045
0.035	0.901	0.015	0.049
0.827	0.020	0.020	0.133
0.046	0.020	0.903	0.031
0.026	0.044	0.845	0.085
0.824	0.074	0.060	0.042
0.902	0.024	0.039	0.035
0.705	0.141	0.067	0.087
0.050	0.009	0.085	0.856
0.066	0.114	0.751	0.069
>GGACATTATGCT	10-GGACATTATGCT	10.067740	-48.744141	0	T:69.0(1.56%),B:171.8(0.38%),P:1e-21	Tpos:213.4,Tstd:143.2,Bpos:208.8,Bstd:126.1,StrandBias:-0.2,Multiplicity:1.00
0.054	0.031	0.821	0.094
0.048	0.072	0.753	0.127
0.873	0.065	0.001	0.061
0.048	0.751	0.118	0.083
0.816	0.088	0.013	0.083
0.011	0.044	0.026	0.919
0.070	0.062	0.049	0.819
0.847	0.069	0.035	0.049
0.092	0.018	0.053	0.837
0.044	0.034	0.887	0.035
0.049	0.816	0.070	0.065
0.061	0.070	0.001	0.868
>ATTTGTAATCCA	11-ATTTGTAATCCA	12.355432	-48.025152	0	T:12.0(0.27%),B:1.8(0.00%),P:1e-20	Tpos:257.2,Tstd:154.9,Bpos:295.2,Bstd:47.8,StrandBias:0.5,Multiplicity:1.00
0.700	0.100	0.100	0.100
0.100	0.100	0.100	0.700
0.100	0.100	0.100	0.700
0.100	0.100	0.100	0.700
0.100	0.100	0.700	0.100
0.100	0.100	0.100	0.700
0.700	0.100	0.100	0.100
0.700	0.100	0.100	0.100
0.100	0.100	0.100	0.700
0.100	0.700	0.100	0.100
0.100	0.700	0.100	0.100
0.700	0.100	0.100	0.100
>TAGCTACTCCTG	12-TAGCTACTCCTG	13.674942	-43.198086	0	T:17.0(0.39%),B:6.7(0.01%),P:1e-18	Tpos:131.2,Tstd:62.8,Bpos:232.2,Bstd:88.0,StrandBias:1.3,Multiplicity:1.00
0.001	0.001	0.001	0.997
0.997	0.001	0.001	0.001
0.001	0.001	0.997	0.001
0.001	0.997	0.001	0.001
0.001	0.001	0.001	0.997
0.997	0.001	0.001	0.001
0.001	0.932	0.066	0.001
0.001	0.001	0.001	0.997
0.066	0.932	0.001	0.001
0.001	0.997	0.001	0.001
0.001	0.001	0.001	0.997
0.067	0.067	0.865	0.001
>TGAATGTACTTA	13-TGAATGTACTTA	12.043644	-42.744912	0	T:50.0(1.13%),B:104.7(0.23%),P:1e-18	Tpos:246.7,Tstd:199.6,Bpos:202.4,Bstd:128.1,StrandBias:-0.1,Multiplicity:1.00
0.024	0.001	0.001	0.974
0.001	0.001	0.997	0.001
0.941	0.001	0.029	0.029
0.913	0.029	0.057	0.001
0.001	0.001	0.001	0.997
0.205	0.058	0.694	0.043
0.001	0.070	0.001	0.928
0.964	0.001	0.034	0.001
0.029	0.916	0.001	0.054
0.001	0.001	0.001	0.997
0.001	0.028	0.001	0.970
0.899	0.043	0.057	0.001
>GTCAAATTCATA	14-GTCAAATTCATA	11.643716	-40.071055	0	T:43.0(0.97%),B:82.7(0.18%),P:1e-17	Tpos:185.9,Tstd:117.7,Bpos:202.1,Bstd:121.9,StrandBias:0.2,Multiplicity:1.00
0.027	0.001	0.971	0.001
0.001	0.055	0.010	0.934
0.001	0.952	0.033	0.014
0.943	0.001	0.001	0.055
0.943	0.001	0.055	0.001
0.889	0.055	0.001	0.055
0.104	0.118	0.056	0.722
0.023	0.001	0.001	0.975
0.001	0.997	0.001	0.001
0.889	0.001	0.055	0.055
0.001	0.016	0.055	0.928
0.997	0.001	0.001	0.001
>ACAGTAGTCCCC	15-ACAGTAGTCCCC	10.419386	-39.639889	0	T:59.0(1.34%),B:154.7(0.34%),P:1e-17	Tpos:207.7,Tstd:150.9,Bpos:210.9,Bstd:144.2,StrandBias:0.4,Multiplicity:1.00
0.754	0.086	0.117	0.043
0.160	0.765	0.074	0.001
0.913	0.085	0.001	0.001
0.045	0.130	0.739	0.086
0.066	0.196	0.045	0.693
0.997	0.001	0.001	0.001
0.001	0.001	0.903	0.095
0.032	0.043	0.003	0.922
0.001	0.729	0.001	0.269
0.043	0.911	0.001	0.045
0.001	0.847	0.043	0.109
0.001	0.870	0.001	0.128
>TTGTGACTGGCT	16-TTGTGACTGGCT	12.140167	-39.460794	0	T:54.0(1.22%),B:131.8(0.29%),P:1e-17	Tpos:178.4,Tstd:133.9,Bpos:235.5,Bstd:127.5,StrandBias:-0.2,Multiplicity:1.00
0.001	0.135	0.056	0.808
0.041	0.001	0.001	0.957
0.081	0.001	0.917	0.001
0.001	0.001	0.001	0.997
0.042	0.001	0.915	0.042
0.942	0.033	0.024	0.001
0.001	0.971	0.001	0.027
0.027	0.001	0.001	0.971
0.028	0.001	0.941	0.030
0.027	0.001	0.971	0.001
0.042	0.837	0.001	0.120
0.001	0.001	0.001	0.997
>TTTGCGTGGAAT	17-TTTGCGTGGAAT	12.931021	-39.276041	0	T:27.0(0.61%),B:29.2(0.06%),P:1e-17	Tpos:192.2,Tstd:135.8,Bpos:207.9,Bstd:144.8,StrandBias:0.0,Multiplicity:1.04
0.043	0.001	0.001	0.955
0.001	0.001	0.149	0.849
0.001	0.001	0.001	0.997
0.192	0.001	0.806	0.001
0.150	0.509	0.001	0.340
0.357	0.001	0.641	0.001
0.001	0.001	0.001	0.997
0.001	0.001	0.997	0.001
0.001	0.001	0.997	0.001
0.699	0.150	0.150	0.001
0.697	0.001	0.301	0.001
0.001	0.001	0.001	0.997
>CAACCAATCAGA	18-CAACCAATCAGA	12.474171	-36.389483	0	T:30.0(0.68%),B:42.2(0.09%),P:1e-15	Tpos:225.5,Tstd:144.2,Bpos:212.5,Bstd:148.6,StrandBias:-0.7,Multiplicity:1.40
0.001	0.966	0.001	0.032
0.973	0.025	0.001	0.001
0.955	0.043	0.001	0.001
0.044	0.879	0.033	0.044
0.001	0.997	0.001	0.001
0.977	0.021	0.001	0.001
0.838	0.001	0.160	0.001
0.001	0.043	0.001	0.955
0.001	0.955	0.001	0.043
0.997	0.001	0.001	0.001
0.076	0.001	0.880	0.043
0.913	0.001	0.043	0.043
>GGGCAGTGGTTA	19-GGGCAGTGGTTA	13.846714	-35.021152	0	T:12.0(0.27%),B:3.7(0.01%),P:1e-15	Tpos:144.3,Tstd:74.3,Bpos:244.9,Bstd:79.0,StrandBias:0.5,Multiplicity:1.00
0.001	0.001	0.997	0.001
0.001	0.001	0.997	0.001
0.001	0.001	0.997	0.001
0.001	0.997	0.001	0.001
0.924	0.001	0.001	0.074
0.001	0.001	0.997	0.001
0.001	0.001	0.001	0.997
0.001	0.001	0.997	0.001
0.001	0.074	0.924	0.001
0.001	0.074	0.001	0.924
0.001	0.001	0.001	0.997
0.997	0.001	0.001	0.001
>AAGCTGCTGTGC	20-AAGCTGCTGTGC	12.355432	-31.637600	0	T:10.0(0.23%),B:2.3(0.01%),P:1e-13	Tpos:167.0,Tstd:54.2,Bpos:243.1,Bstd:149.5,StrandBias:0.6,Multiplicity:1.00
0.700	0.100	0.100	0.100
0.700	0.100	0.100	0.100
0.100	0.100	0.700	0.100
0.100	0.700	0.100	0.100
0.100	0.100	0.100	0.700
0.100	0.100	0.700	0.100
0.100	0.700	0.100	0.100
0.100	0.100	0.100	0.700
0.100	0.100	0.700	0.100
0.100	0.100	0.100	0.700
0.100	0.100	0.700	0.100
0.100	0.700	0.100	0.100
>TCCTTGCAGCTG	21-TCCTTGCAGCTG	12.355432	-27.696598	0	T:9.0(0.20%),B:2.9(0.01%),P:1e-12	Tpos:137.7,Tstd:100.4,Bpos:196.3,Bstd:47.5,StrandBias:0.3,Multiplicity:1.00
0.100	0.100	0.100	0.700
0.100	0.700	0.100	0.100
0.100	0.700	0.100	0.100
0.100	0.100	0.100	0.700
0.100	0.100	0.100	0.700
0.100	0.100	0.700	0.100
0.100	0.700	0.100	0.100
0.700	0.100	0.100	0.100
0.100	0.100	0.700	0.100
0.100	0.700	0.100	0.100
0.100	0.100	0.100	0.700
0.100	0.100	0.700	0.100
>CCTGCACTGCTC	22-CCTGCACTGCTC	14.172063	-27.696598	0	T:9.0(0.20%),B:2.7(0.01%),P:1e-12	Tpos:157.0,Tstd:139.7,Bpos:172.6,Bstd:88.8,StrandBias:-0.3,Multiplicity:1.00
0.001	0.910	0.001	0.088
0.001	0.997	0.001	0.001
0.001	0.001	0.001	0.997
0.001	0.001	0.997	0.001
0.001	0.997	0.001	0.001
0.997	0.001	0.001	0.001
0.001	0.997	0.001	0.001
0.001	0.001	0.001	0.997
0.001	0.001	0.997	0.001
0.001	0.997	0.001	0.001
0.001	0.001	0.001	0.997
0.001	0.997	0.001	0.001
>TAGGCTTTTAGC	23-TAGGCTTTTAGC	12.355432	-27.696598	0	T:9.0(0.20%),B:2.7(0.01%),P:1e-12	Tpos:197.1,Tstd:130.9,Bpos:269.2,Bstd:121.8,StrandBias:-0.3,Multiplicity:1.00
0.100	0.100	0.100	0.700
0.700	0.100	0.100	0.100
0.100	0.100	0.700	0.100
0.100	0.100	0.700	0.100
0.100	0.700	0.100	0.100
0.100	0.100	0.100	0.700
0.100	0.100	0.100	0.700
0.100	0.100	0.100	0.700
0.100	0.100	0.100	0.700
0.700	0.100	0.100	0.100
0.100	0.100	0.700	0.100
0.100	0.700	0.100	0.100
>GGTGGAGGGGCA	24-GGTGGAGGGGCA	12.355432	-23.860782	0	T:8.0(0.18%),B:2.5(0.01%),P:1e-10	Tpos:175.0,Tstd:78.7,Bpos:212.9,Bstd:111.6,StrandBias:0.7,Multiplicity:1.00
0.100	0.100	0.700	0.100
0.100	0.100	0.700	0.100
0.100	0.100	0.100	0.700
0.100	0.100	0.700	0.100
0.100	0.100	0.700	0.100
0.700	0.100	0.100	0.100
0.100	0.100	0.700	0.100
0.100	0.100	0.700	0.100
0.100	0.100	0.700	0.100
0.100	0.100	0.700	0.100
0.100	0.700	0.100	0.100
0.700	0.100	0.100	0.100
>CCACATGTGGWC	25-CCACATGTGGWC	11.631177	-20.398172	0	T:15.0(0.34%),B:19.1(0.04%),P:1e-8	Tpos:190.9,Tstd:126.6,Bpos:249.7,Bstd:147.4,StrandBias:0.0,Multiplicity:1.00
0.001	0.779	0.059	0.161
0.144	0.708	0.001	0.147
0.997	0.001	0.001	0.001
0.001	0.968	0.030	0.001
0.936	0.062	0.001	0.001
0.031	0.001	0.027	0.941
0.102	0.109	0.788	0.001
0.211	0.001	0.031	0.757
0.162	0.001	0.656	0.181
0.096	0.139	0.612	0.153
0.388	0.177	0.084	0.350
0.181	0.503	0.154	0.162
