>AAGTGAAA	1-AAGTGAAA	6.492824	-4085.583519	0	T:2925.0(66.25%),B:4508.1(9.96%),P:1e-1774	Tpos:232.0,Tstd:146.2,Bpos:220.4,Bstd:139.9,StrandBias:0.1,Multiplicity:1.26
0.997	0.001	0.001	0.001
0.997	0.001	0.001	0.001
0.001	0.270	0.728	0.001
0.001	0.038	0.001	0.960
0.001	0.001	0.997	0.001
0.997	0.001	0.001	0.001
0.997	0.001	0.001	0.001
0.997	0.001	0.001	0.001
>AACGAAAG	2-AACGAAAG	5.611726	-926.248724	0	T:1327.0(30.06%),B:3581.8(7.91%),P:1e-402	Tpos:232.2,Tstd:152.3,Bpos:218.8,Bstd:140.9,StrandBias:0.0,Multiplicity:1.11
0.997	0.001	0.001	0.001
0.997	0.001	0.001	0.001
0.001	0.985	0.001	0.013
0.001	0.001	0.997	0.001
0.997	0.001	0.001	0.001
0.997	0.001	0.001	0.001
0.997	0.001	0.001	0.001
0.001	0.327	0.671	0.001
>GAACGCAA	3-GAACGCAA	5.838071	-599.571169	0	T:1010.0(22.88%),B:3019.9(6.67%),P:1e-260	Tpos:256.7,Tstd:204.0,Bpos:221.5,Bstd:138.3,StrandBias:-0.2,Multiplicity:1.08
0.001	0.001	0.997	0.001
0.997	0.001	0.001	0.001
0.988	0.010	0.001	0.001
0.138	0.860	0.001	0.001
0.001	0.001	0.997	0.001
0.001	0.618	0.001	0.380
0.997	0.001	0.001	0.001
0.997	0.001	0.001	0.001
>TTTCTGTT	4-TTTCTGTT	6.347923	-382.471253	0	T:1448.0(32.80%),B:7235.0(15.98%),P:1e-166	Tpos:249.9,Tstd:185.8,Bpos:218.6,Bstd:143.3,StrandBias:-0.0,Multiplicity:1.28
0.001	0.001	0.001	0.997
0.001	0.001	0.001	0.997
0.001	0.001	0.001	0.997
0.001	0.997	0.001	0.001
0.001	0.014	0.001	0.984
0.001	0.364	0.634	0.001
0.001	0.001	0.001	0.997
0.001	0.001	0.001	0.997
>STTTCGAT	5-STTTCGAT	6.056957	-108.730215	0	T:472.0(10.69%),B:2350.2(5.19%),P:1e-47	Tpos:268.5,Tstd:195.2,Bpos:220.1,Bstd:137.8,StrandBias:-0.2,Multiplicity:1.06
0.001	0.471	0.527	0.001
0.001	0.119	0.001	0.879
0.099	0.001	0.001	0.899
0.145	0.001	0.001	0.853
0.001	0.997	0.001	0.001
0.098	0.001	0.900	0.001
0.997	0.001	0.001	0.001
0.001	0.001	0.001	0.997
>CCGGGAAA	6-CCGGGAAA	5.514825	-94.207177	0	T:1143.0(25.89%),B:8029.5(17.73%),P:1e-40	Tpos:266.8,Tstd:207.4,Bpos:218.7,Bstd:139.4,StrandBias:0.0,Multiplicity:1.20
0.338	0.498	0.105	0.059
0.308	0.490	0.072	0.130
0.283	0.064	0.452	0.201
0.001	0.054	0.682	0.263
0.042	0.072	0.719	0.167
0.533	0.216	0.163	0.088
0.654	0.074	0.181	0.091
0.473	0.120	0.289	0.118
>TAAGTGGA	7-TAAGTGGA	7.135455	-58.496420	0	T:947.0(21.45%),B:6997.9(15.46%),P:1e-25	Tpos:253.1,Tstd:204.1,Bpos:219.0,Bstd:139.6,StrandBias:0.1,Multiplicity:1.13
0.044	0.001	0.048	0.907
0.893	0.001	0.076	0.030
0.988	0.010	0.001	0.001
0.141	0.020	0.838	0.001
0.001	0.001	0.042	0.956
0.071	0.032	0.896	0.001
0.001	0.088	0.794	0.117
0.866	0.074	0.033	0.027
>ATGAGTCA	8-ATGAGTCA	6.860087	-57.584391	0	T:908.0(20.57%),B:6668.3(14.73%),P:1e-25	Tpos:246.1,Tstd:183.5,Bpos:219.6,Bstd:141.4,StrandBias:0.0,Multiplicity:1.14
0.482	0.231	0.225	0.062
0.001	0.025	0.142	0.832
0.148	0.018	0.610	0.224
0.916	0.023	0.060	0.001
0.001	0.258	0.567	0.174
0.001	0.001	0.165	0.833
0.014	0.931	0.001	0.054
0.839	0.100	0.013	0.048
>AAACCAAA	9-AAACCAAA	8.236954	-53.739596	0	T:398.0(9.01%),B:2399.1(5.30%),P:1e-23	Tpos:236.4,Tstd:170.2,Bpos:216.1,Bstd:131.3,StrandBias:0.0,Multiplicity:1.26
0.700	0.100	0.100	0.100
0.700	0.100	0.100	0.100
0.700	0.100	0.100	0.100
0.100	0.700	0.100	0.100
0.100	0.700	0.100	0.100
0.700	0.100	0.100	0.100
0.700	0.100	0.100	0.100
0.700	0.100	0.100	0.100
>GTAAACAG	10-GTAAACAG	6.824669	-52.807809	0	T:1249.0(28.29%),B:9910.4(21.89%),P:1e-22	Tpos:265.4,Tstd:195.6,Bpos:217.6,Bstd:139.7,StrandBias:-0.1,Multiplicity:1.20
0.053	0.066	0.809	0.072
0.041	0.001	0.001	0.957
0.907	0.068	0.001	0.024
0.896	0.062	0.041	0.001
0.824	0.052	0.092	0.032
0.001	0.869	0.030	0.100
0.997	0.001	0.001	0.001
0.130	0.064	0.805	0.001
>CTTATCTG	11-CTTATCTG	6.766250	-45.015687	0	T:595.0(13.48%),B:4182.3(9.24%),P:1e-19	Tpos:255.2,Tstd:196.4,Bpos:221.0,Bstd:138.5,StrandBias:0.1,Multiplicity:1.08
0.001	0.997	0.001	0.001
0.001	0.078	0.001	0.920
0.117	0.001	0.001	0.881
0.997	0.001	0.001	0.001
0.001	0.001	0.001	0.997
0.001	0.879	0.119	0.001
0.001	0.068	0.001	0.930
0.106	0.149	0.744	0.001
>CGCTAATG	12-CGCTAATG	5.525293	-44.799133	0	T:1170.0(26.50%),B:9394.7(20.75%),P:1e-19	Tpos:266.7,Tstd:207.4,Bpos:220.4,Bstd:137.3,StrandBias:-0.1,Multiplicity:1.17
0.180	0.546	0.135	0.139
0.083	0.122	0.726	0.069
0.084	0.682	0.090	0.144
0.082	0.061	0.045	0.812
0.808	0.001	0.081	0.110
0.776	0.041	0.091	0.092
0.085	0.045	0.062	0.808
0.046	0.065	0.848	0.041
>GYCTAATG	13-GYCTAATG	3.245778	-41.631515	0	T:701.0(15.88%),B:5184.5(11.45%),P:1e-18	Tpos:260.8,Tstd:196.7,Bpos:217.5,Bstd:136.9,StrandBias:-0.1,Multiplicity:1.15
0.001	0.001	0.997	0.001
0.001	0.452	0.066	0.481
0.001	0.599	0.001	0.399
0.001	0.001	0.001	0.997
0.997	0.001	0.001	0.001
0.997	0.001	0.001	0.001
0.001	0.001	0.001	0.997
0.001	0.001	0.997	0.001
>AGGGAGTG	14-AGGGAGTG	7.292044	-40.141593	0	T:919.0(20.82%),B:7194.6(15.89%),P:1e-17	Tpos:256.6,Tstd:203.2,Bpos:219.6,Bstd:142.5,StrandBias:0.1,Multiplicity:1.23
0.943	0.001	0.001	0.055
0.001	0.001	0.962	0.036
0.041	0.001	0.869	0.089
0.063	0.075	0.861	0.001
0.971	0.001	0.001	0.027
0.044	0.041	0.891	0.024
0.175	0.001	0.188	0.636
0.001	0.001	0.938	0.060
>CTGCTGCT	15-CTGCTGCT	7.383447	-40.084138	0	T:945.0(21.40%),B:7435.8(16.42%),P:1e-17	Tpos:247.5,Tstd:189.1,Bpos:220.4,Bstd:143.6,StrandBias:0.1,Multiplicity:1.17
0.065	0.933	0.001	0.001
0.158	0.044	0.010	0.788
0.041	0.094	0.792	0.073
0.001	0.906	0.092	0.001
0.048	0.007	0.001	0.944
0.001	0.043	0.916	0.040
0.037	0.886	0.076	0.001
0.054	0.049	0.025	0.872
>CMKCKGGC	16-CMKCKGGC	6.069780	-35.718276	0	T:1374.0(31.12%),B:11628.8(25.68%),P:1e-15	Tpos:289.5,Tstd:222.7,Bpos:218.1,Bstd:139.2,StrandBias:0.0,Multiplicity:1.30
0.001	0.706	0.001	0.292
0.492	0.506	0.001	0.001
0.001	0.001	0.488	0.510
0.317	0.672	0.001	0.010
0.194	0.001	0.351	0.454
0.001	0.001	0.747	0.251
0.263	0.065	0.671	0.001
0.058	0.762	0.179	0.001
>AGTTATAG	17-AGTTATAG	6.914759	-34.495087	0	T:600.0(13.59%),B:4456.7(9.84%),P:1e-14	Tpos:256.4,Tstd:194.3,Bpos:222.0,Bstd:140.5,StrandBias:-0.1,Multiplicity:1.08
0.749	0.041	0.192	0.018
0.007	0.019	0.968	0.006
0.002	0.226	0.028	0.744
0.013	0.114	0.134	0.739
0.995	0.001	0.001	0.003
0.001	0.059	0.001	0.939
0.969	0.025	0.005	0.001
0.001	0.225	0.773	0.001
>GGCTTWGC	18-GGCTTWGC	7.461957	-34.414694	0	T:802.0(18.17%),B:6280.7(13.87%),P:1e-14	Tpos:264.9,Tstd:203.3,Bpos:223.0,Bstd:141.5,StrandBias:0.1,Multiplicity:1.14
0.143	0.012	0.583	0.262
0.014	0.008	0.956	0.022
0.001	0.981	0.001	0.017
0.008	0.001	0.001	0.990
0.005	0.204	0.012	0.779
0.382	0.001	0.181	0.436
0.368	0.006	0.625	0.001
0.001	0.997	0.001	0.001
>TTGTGCGR	19-TTGTGCGR	8.232526	-28.140267	0	T:179.0(4.05%),B:1032.3(2.28%),P:1e-12	Tpos:244.5,Tstd:183.2,Bpos:218.1,Bstd:141.8,StrandBias:-0.2,Multiplicity:1.03
0.297	0.001	0.088	0.614
0.164	0.003	0.042	0.791
0.001	0.001	0.997	0.001
0.001	0.088	0.003	0.908
0.001	0.029	0.969	0.001
0.094	0.904	0.001	0.001
0.301	0.001	0.697	0.001
0.518	0.001	0.442	0.039
>CAGCGCAG	20-CAGCGCAG	7.394118	-27.153556	0	T:415.0(9.40%),B:3002.6(6.63%),P:1e-11	Tpos:274.7,Tstd:219.0,Bpos:212.3,Bstd:146.2,StrandBias:-0.1,Multiplicity:1.07
0.001	0.990	0.001	0.008
0.697	0.001	0.001	0.301
0.051	0.001	0.947	0.001
0.009	0.907	0.081	0.003
0.001	0.070	0.734	0.195
0.001	0.730	0.001	0.268
0.869	0.001	0.001	0.129
0.001	0.001	0.922	0.076
>AATAAGGC	21-AATAAGGC	8.378770	-26.035255	0	T:285.0(6.46%),B:1916.1(4.23%),P:1e-11	Tpos:262.3,Tstd:196.6,Bpos:221.7,Bstd:135.6,StrandBias:-0.1,Multiplicity:1.05
0.895	0.001	0.001	0.103
0.892	0.106	0.001	0.001
0.001	0.264	0.001	0.734
0.997	0.001	0.001	0.001
0.997	0.001	0.001	0.001
0.001	0.001	0.997	0.001
0.001	0.001	0.997	0.001
0.001	0.997	0.001	0.001
>SCACATGG	22-SCACATGG	8.224851	-23.941078	0	T:338.0(7.66%),B:2407.3(5.32%),P:1e-10	Tpos:266.2,Tstd:219.9,Bpos:215.4,Bstd:140.2,StrandBias:-0.0,Multiplicity:1.04
0.001	0.562	0.436	0.001
0.001	0.995	0.003	0.001
0.689	0.143	0.025	0.143
0.001	0.883	0.069	0.047
0.917	0.001	0.081	0.001
0.001	0.263	0.045	0.691
0.001	0.001	0.997	0.001
0.001	0.001	0.733	0.265
>TCCTTGCA	23-TCCTTGCA	4.868443	-20.714240	0	T:580.0(13.14%),B:4656.8(10.29%),P:1e-8	Tpos:260.5,Tstd:194.9,Bpos:217.3,Bstd:141.7,StrandBias:-0.1,Multiplicity:1.07
0.201	0.001	0.073	0.725
0.001	0.997	0.001	0.001
0.001	0.997	0.001	0.001
0.278	0.001	0.001	0.720
0.001	0.001	0.001	0.997
0.001	0.001	0.997	0.001
0.001	0.988	0.010	0.001
0.997	0.001	0.001	0.001
>GTGACTGG	24-GTGACTGG	7.998763	-18.381669	0	T:124.0(2.81%),B:736.2(1.63%),P:1e-7	Tpos:239.9,Tstd:179.2,Bpos:234.5,Bstd:137.6,StrandBias:0.3,Multiplicity:1.02
0.001	0.001	0.997	0.001
0.001	0.054	0.001	0.944
0.001	0.001	0.997	0.001
0.997	0.001	0.001	0.001
0.001	0.997	0.001	0.001
0.001	0.049	0.001	0.949
0.001	0.001	0.997	0.001
0.001	0.001	0.997	0.001
>CCAGKGCY	25-CCAGKGCY	6.380117	-18.055929	0	T:1355.0(30.69%),B:12191.5(26.93%),P:1e-7	Tpos:270.1,Tstd:215.9,Bpos:216.5,Bstd:138.5,StrandBias:0.1,Multiplicity:1.35
0.056	0.942	0.001	0.001
0.202	0.623	0.174	0.001
0.997	0.001	0.001	0.001
0.001	0.150	0.848	0.001
0.001	0.148	0.390	0.460
0.001	0.236	0.762	0.001
0.001	0.634	0.364	0.001
0.172	0.442	0.001	0.385
