>GAAAGTGAAA	1-GAAAGTGAAA	9.449888	-6982.786991	0	T:3151.0(71.37%),B:2179.3(4.81%),P:1e-3032	Tpos:233.6,Tstd:145.0,Bpos:221.8,Bstd:141.2,StrandBias:0.1,Multiplicity:1.19
0.080	0.015	0.904	0.001
0.997	0.001	0.001	0.001
0.996	0.001	0.001	0.002
0.997	0.001	0.001	0.001
0.138	0.184	0.677	0.001
0.053	0.021	0.015	0.911
0.037	0.001	0.961	0.001
0.997	0.001	0.001	0.001
0.997	0.001	0.001	0.001
0.997	0.001	0.001	0.001
>TTTCACTTTC	2-TTTCACTTTC	7.175872	-5421.995503	0	T:3626.0(82.13%),B:5915.1(13.06%),P:1e-2354	Tpos:235.0,Tstd:173.1,Bpos:220.6,Bstd:142.2,StrandBias:0.0,Multiplicity:1.18
0.097	0.184	0.068	0.651
0.131	0.001	0.001	0.867
0.001	0.228	0.112	0.659
0.099	0.649	0.001	0.251
0.470	0.124	0.230	0.177
0.036	0.574	0.226	0.164
0.050	0.129	0.006	0.815
0.185	0.116	0.031	0.668
0.194	0.280	0.037	0.489
0.170	0.476	0.219	0.134
>GAAACCGAAA	3-GAAACCGAAA	8.350283	-1939.717291	0	T:1212.0(27.45%),B:1154.3(2.55%),P:1e-842	Tpos:224.9,Tstd:156.4,Bpos:223.4,Bstd:136.0,StrandBias:-0.0,Multiplicity:1.09
0.100	0.100	0.700	0.100
0.700	0.100	0.100	0.100
0.700	0.100	0.100	0.100
0.700	0.100	0.100	0.100
0.100	0.700	0.100	0.100
0.100	0.700	0.100	0.100
0.100	0.100	0.700	0.100
0.700	0.100	0.100	0.100
0.700	0.100	0.100	0.100
0.700	0.100	0.100	0.100
>AWCGAAACCA	4-AWCGAAACCA	5.856578	-1209.069789	0	T:972.0(22.02%),B:1329.3(2.94%),P:1e-525	Tpos:235.8,Tstd:156.4,Bpos:220.3,Bstd:141.3,StrandBias:0.2,Multiplicity:1.04
0.997	0.001	0.001	0.001
0.425	0.031	0.001	0.543
0.001	0.849	0.001	0.149
0.001	0.001	0.997	0.001
0.997	0.001	0.001	0.001
0.997	0.001	0.001	0.001
0.997	0.001	0.001	0.001
0.001	0.594	0.404	0.001
0.001	0.673	0.001	0.325
0.997	0.001	0.001	0.001
>GCAAAAGCGA	5-GCAAAAGCGA	9.583636	-83.149775	0	T:162.0(3.67%),B:513.0(1.13%),P:1e-36	Tpos:229.1,Tstd:157.1,Bpos:226.5,Bstd:142.6,StrandBias:0.2,Multiplicity:1.05
0.016	0.055	0.928	0.001
0.001	0.961	0.008	0.030
0.997	0.001	0.001	0.001
0.977	0.001	0.021	0.001
0.997	0.001	0.001	0.001
0.980	0.001	0.018	0.001
0.001	0.050	0.928	0.021
0.155	0.664	0.067	0.114
0.055	0.093	0.851	0.001
0.997	0.001	0.001	0.001
>TTACCTGGCA	6-TTACCTGGCA	6.556750	-61.847031	0	T:1219.0(27.61%),B:9398.9(20.76%),P:1e-26	Tpos:255.8,Tstd:200.6,Bpos:216.7,Bstd:139.8,StrandBias:0.0,Multiplicity:1.20
0.039	0.042	0.023	0.896
0.023	0.065	0.037	0.875
0.647	0.100	0.064	0.189
0.071	0.753	0.093	0.083
0.085	0.831	0.039	0.045
0.128	0.041	0.028	0.803
0.108	0.020	0.800	0.072
0.055	0.059	0.815	0.071
0.151	0.731	0.050	0.068
0.854	0.057	0.042	0.047
>TGAGTAAGCA	7-TGAGTAAGCA	7.219610	-51.875497	0	T:1133.0(25.66%),B:8854.2(19.56%),P:1e-22	Tpos:261.1,Tstd:188.9,Bpos:218.1,Bstd:139.3,StrandBias:-0.0,Multiplicity:1.20
0.172	0.017	0.019	0.792
0.260	0.065	0.556	0.119
0.754	0.001	0.001	0.244
0.001	0.077	0.750	0.172
0.210	0.080	0.001	0.709
0.602	0.262	0.128	0.008
0.979	0.017	0.002	0.002
0.323	0.038	0.533	0.106
0.019	0.683	0.005	0.293
0.862	0.029	0.001	0.108
>AACCAAAACC	8-AACCAAAACC	10.296193	-50.902176	0	T:51.0(1.16%),B:89.6(0.20%),P:1e-22	Tpos:179.0,Tstd:98.6,Bpos:240.4,Bstd:115.7,StrandBias:-0.4,Multiplicity:1.91
0.700	0.100	0.100	0.100
0.700	0.100	0.100	0.100
0.100	0.700	0.100	0.100
0.100	0.700	0.100	0.100
0.700	0.100	0.100	0.100
0.700	0.100	0.100	0.100
0.700	0.100	0.100	0.100
0.700	0.100	0.100	0.100
0.100	0.700	0.100	0.100
0.100	0.700	0.100	0.100
>GGYTGCACAA	9-GGYTGCACAA	8.054926	-47.834288	0	T:170.0(3.85%),B:771.2(1.70%),P:1e-20	Tpos:254.5,Tstd:180.7,Bpos:214.5,Bstd:139.3,StrandBias:0.2,Multiplicity:1.04
0.187	0.199	0.391	0.223
0.203	0.023	0.514	0.260
0.153	0.350	0.017	0.480
0.084	0.061	0.029	0.826
0.069	0.004	0.926	0.001
0.022	0.699	0.226	0.053
0.595	0.101	0.054	0.250
0.009	0.719	0.126	0.146
0.693	0.236	0.025	0.046
0.791	0.051	0.080	0.078
>GTGACTVGTT	10-GTGACTVGTT	8.926274	-41.591012	0	T:157.0(3.56%),B:734.8(1.62%),P:1e-18	Tpos:224.6,Tstd:165.2,Bpos:223.7,Bstd:137.9,StrandBias:-0.2,Multiplicity:1.03
0.137	0.073	0.789	0.001
0.099	0.001	0.001	0.899
0.001	0.271	0.727	0.001
0.845	0.128	0.026	0.001
0.001	0.977	0.001	0.021
0.001	0.139	0.001	0.859
0.319	0.310	0.357	0.015
0.321	0.001	0.677	0.001
0.001	0.394	0.001	0.604
0.001	0.001	0.167	0.831
>CCATTARTCA	11-CCATTARTCA	5.640413	-40.707309	0	T:301.0(6.82%),B:1813.7(4.01%),P:1e-17	Tpos:251.0,Tstd:186.5,Bpos:221.9,Bstd:131.6,StrandBias:0.3,Multiplicity:1.04
0.001	0.876	0.001	0.122
0.001	0.997	0.001	0.001
0.997	0.001	0.001	0.001
0.001	0.001	0.001	0.997
0.001	0.001	0.001	0.997
0.997	0.001	0.001	0.001
0.501	0.001	0.497	0.001
0.091	0.285	0.001	0.623
0.001	0.997	0.001	0.001
0.997	0.001	0.001	0.001
>TTATCTCTGG	12-TTATCTCTGG	8.409156	-40.446798	0	T:175.0(3.96%),B:869.5(1.92%),P:1e-17	Tpos:277.8,Tstd:195.2,Bpos:221.1,Bstd:137.3,StrandBias:0.5,Multiplicity:1.11
0.071	0.076	0.079	0.774
0.012	0.095	0.216	0.677
0.574	0.017	0.146	0.263
0.248	0.116	0.001	0.635
0.001	0.732	0.149	0.118
0.025	0.101	0.014	0.860
0.152	0.592	0.215	0.041
0.176	0.011	0.018	0.795
0.036	0.005	0.666	0.293
0.173	0.176	0.513	0.138
>AGTGGAATCA	13-AGTGGAATCA	9.851931	-38.450387	0	T:78.0(1.77%),B:258.9(0.57%),P:1e-16	Tpos:217.6,Tstd:166.8,Bpos:208.6,Bstd:118.9,StrandBias:-0.2,Multiplicity:1.01
0.964	0.034	0.001	0.001
0.001	0.001	0.997	0.001
0.001	0.029	0.001	0.969
0.001	0.001	0.931	0.067
0.001	0.001	0.997	0.001
0.997	0.001	0.001	0.001
0.878	0.120	0.001	0.001
0.001	0.001	0.001	0.997
0.001	0.859	0.001	0.139
0.934	0.001	0.001	0.064
>GCAGCAGCTG	14-GCAGCAGCTG	7.074502	-38.062040	0	T:656.0(14.86%),B:4868.5(10.75%),P:1e-16	Tpos:253.7,Tstd:190.4,Bpos:218.7,Bstd:145.3,StrandBias:-0.0,Multiplicity:1.20
0.115	0.079	0.748	0.058
0.068	0.784	0.074	0.074
0.799	0.016	0.081	0.104
0.064	0.071	0.808	0.057
0.049	0.823	0.072	0.056
0.782	0.032	0.042	0.144
0.085	0.056	0.810	0.049
0.095	0.779	0.094	0.032
0.074	0.030	0.053	0.843
0.089	0.026	0.831	0.054
>GACTACTCTA	15-GACTACTCTA	8.931834	-35.489005	0	T:93.0(2.11%),B:362.4(0.80%),P:1e-15	Tpos:220.6,Tstd:156.3,Bpos:205.6,Bstd:141.0,StrandBias:0.2,Multiplicity:1.01
0.001	0.135	0.863	0.001
0.896	0.012	0.055	0.037
0.001	0.948	0.050	0.001
0.001	0.007	0.062	0.930
0.988	0.001	0.010	0.001
0.006	0.945	0.048	0.001
0.001	0.001	0.062	0.936
0.014	0.713	0.190	0.083
0.001	0.001	0.062	0.936
0.997	0.001	0.001	0.001
>GGTGGTTGCC	16-GGTGGTTGCC	9.590851	-34.993652	0	T:37.0(0.84%),B:70.7(0.16%),P:1e-15	Tpos:226.8,Tstd:234.7,Bpos:222.0,Bstd:143.9,StrandBias:-0.9,Multiplicity:1.00
0.001	0.001	0.997	0.001
0.001	0.001	0.997	0.001
0.001	0.001	0.018	0.980
0.132	0.073	0.794	0.001
0.001	0.001	0.997	0.001
0.001	0.001	0.001	0.997
0.001	0.001	0.001	0.997
0.001	0.001	0.997	0.001
0.001	0.997	0.001	0.001
0.001	0.997	0.001	0.001
>GAGCAGAGGG	17-GAGCAGAGGG	7.149720	-33.301488	0	T:820.0(18.57%),B:6477.6(14.31%),P:1e-14	Tpos:271.4,Tstd:205.4,Bpos:219.1,Bstd:142.3,StrandBias:0.0,Multiplicity:1.19
0.068	0.070	0.825	0.037
0.775	0.039	0.155	0.031
0.078	0.074	0.789	0.059
0.077	0.772	0.090	0.061
0.863	0.029	0.052	0.056
0.041	0.073	0.847	0.039
0.785	0.066	0.072	0.077
0.105	0.019	0.814	0.062
0.095	0.031	0.811	0.063
0.114	0.106	0.725	0.055
>TACTTCTGCT	18-TACTTCTGCT	10.004492	-32.381408	0	T:76.0(1.72%),B:278.6(0.62%),P:1e-14	Tpos:207.6,Tstd:162.1,Bpos:219.9,Bstd:139.4,StrandBias:0.8,Multiplicity:1.05
0.001	0.411	0.001	0.587
0.997	0.001	0.001	0.001
0.001	0.972	0.026	0.001
0.001	0.001	0.001	0.997
0.001	0.083	0.001	0.915
0.284	0.714	0.001	0.001
0.001	0.217	0.001	0.781
0.050	0.001	0.948	0.001
0.001	0.997	0.001	0.001
0.001	0.001	0.001	0.997
>GCCCTGTGGA	19-GCCCTGTGGA	4.957275	-30.225343	0	T:1816.0(41.13%),B:16182.5(35.74%),P:1e-13	Tpos:272.2,Tstd:212.0,Bpos:216.4,Bstd:139.4,StrandBias:-0.1,Multiplicity:1.40
0.098	0.094	0.693	0.115
0.119	0.692	0.101	0.088
0.105	0.700	0.077	0.118
0.120	0.673	0.071	0.136
0.112	0.067	0.069	0.752
0.095	0.092	0.717	0.096
0.115	0.073	0.092	0.720
0.098	0.078	0.724	0.100
0.118	0.111	0.655	0.116
0.676	0.116	0.111	0.097
>CAGCAGGGTG	20-CAGCAGGGTG	8.464985	-28.498217	0	T:309.0(7.00%),B:2071.7(4.58%),P:1e-12	Tpos:255.7,Tstd:214.0,Bpos:218.8,Bstd:139.1,StrandBias:-0.0,Multiplicity:1.06
0.001	0.997	0.001	0.001
0.791	0.001	0.154	0.054
0.207	0.086	0.706	0.001
0.045	0.595	0.001	0.359
0.970	0.001	0.001	0.028
0.243	0.001	0.755	0.001
0.053	0.138	0.808	0.001
0.338	0.152	0.509	0.001
0.176	0.001	0.097	0.726
0.001	0.001	0.997	0.001
>GCAAGATGAA	21-GCAAGATGAA	9.402128	-26.857872	0	T:46.0(1.04%),B:138.0(0.30%),P:1e-11	Tpos:243.1,Tstd:206.0,Bpos:218.3,Bstd:151.2,StrandBias:-0.3,Multiplicity:1.00
0.001	0.001	0.997	0.001
0.001	0.997	0.001	0.001
0.937	0.001	0.061	0.001
0.804	0.001	0.001	0.194
0.001	0.001	0.997	0.001
0.997	0.001	0.001	0.001
0.001	0.001	0.001	0.997
0.001	0.001	0.997	0.001
0.997	0.001	0.001	0.001
0.997	0.001	0.001	0.001
>ACGAATACTG	22-ACGAATACTG	9.224442	-25.513701	0	T:60.0(1.36%),B:222.8(0.49%),P:1e-11	Tpos:208.7,Tstd:153.7,Bpos:235.1,Bstd:121.8,StrandBias:-0.0,Multiplicity:1.00
0.995	0.001	0.001	0.003
0.001	0.936	0.001	0.062
0.051	0.001	0.947	0.001
0.864	0.001	0.134	0.001
0.762	0.001	0.166	0.071
0.001	0.001	0.001	0.997
0.833	0.001	0.001	0.165
0.001	0.784	0.135	0.080
0.081	0.001	0.135	0.783
0.001	0.001	0.871	0.127
>ACATCCACCC	23-ACATCCACCC	10.296193	-20.491408	0	T:16.0(0.36%),B:22.6(0.05%),P:1e-8	Tpos:223.8,Tstd:178.1,Bpos:207.4,Bstd:132.4,StrandBias:0.0,Multiplicity:1.00
0.700	0.100	0.100	0.100
0.100	0.700	0.100	0.100
0.700	0.100	0.100	0.100
0.100	0.100	0.100	0.700
0.100	0.700	0.100	0.100
0.100	0.700	0.100	0.100
0.700	0.100	0.100	0.100
0.100	0.700	0.100	0.100
0.100	0.700	0.100	0.100
0.100	0.700	0.100	0.100
>TGCGKGGAAT	24-TGCGKGGAAT	11.027550	-19.508672	0	T:29.0(0.66%),B:79.4(0.18%),P:1e-8	Tpos:176.6,Tstd:113.7,Bpos:211.8,Bstd:126.9,StrandBias:-0.1,Multiplicity:1.00
0.001	0.001	0.001	0.997
0.001	0.001	0.997	0.001
0.001	0.997	0.001	0.001
0.174	0.001	0.824	0.001
0.001	0.001	0.468	0.530
0.001	0.001	0.997	0.001
0.001	0.001	0.997	0.001
0.650	0.348	0.001	0.001
0.997	0.001	0.001	0.001
0.001	0.001	0.001	0.997
>ACGACATTAG	25-ACGACATTAG	11.772334	-17.389066	0	T:7.0(0.16%),B:3.3(0.01%),P:1e-7	Tpos:155.4,Tstd:31.9,Bpos:235.2,Bstd:88.7,StrandBias:-0.4,Multiplicity:1.00
0.997	0.001	0.001	0.001
0.001	0.997	0.001	0.001
0.001	0.001	0.997	0.001
0.997	0.001	0.001	0.001
0.001	0.997	0.001	0.001
0.997	0.001	0.001	0.001
0.001	0.001	0.001	0.997
0.001	0.001	0.001	0.997
0.997	0.001	0.001	0.001
0.001	0.127	0.871	0.001
