>GAAAGTGAAA	1-GAAAGTGAAA	9.449888	-6982.786991	0	T:3151.0(71.37%),B:2179.3(4.81%),P:1e-3032	Tpos:233.6,Tstd:145.0,Bpos:221.8,Bstd:141.2,StrandBias:0.1,Multiplicity:1.19
0.080	0.015	0.904	0.001
0.997	0.001	0.001	0.001
0.996	0.001	0.001	0.002
0.997	0.001	0.001	0.001
0.138	0.184	0.677	0.001
0.053	0.021	0.015	0.911
0.037	0.001	0.961	0.001
0.997	0.001	0.001	0.001
0.997	0.001	0.001	0.001
0.997	0.001	0.001	0.001
>TTTCACTTTC	2-TTTCACTTTC	7.175872	-5421.995503	0	T:3626.0(82.13%),B:5915.1(13.06%),P:1e-2354	Tpos:235.0,Tstd:173.1,Bpos:220.6,Bstd:142.2,StrandBias:0.0,Multiplicity:1.18
0.097	0.184	0.068	0.651
0.131	0.001	0.001	0.867
0.001	0.228	0.112	0.659
0.099	0.649	0.001	0.251
0.470	0.124	0.230	0.177
0.036	0.574	0.226	0.164
0.050	0.129	0.006	0.815
0.185	0.116	0.031	0.668
0.194	0.280	0.037	0.489
0.170	0.476	0.219	0.134
>GAAACCGAAA	3-GAAACCGAAA	8.350283	-1939.717291	0	T:1212.0(27.45%),B:1154.3(2.55%),P:1e-842	Tpos:224.9,Tstd:156.4,Bpos:223.4,Bstd:136.0,StrandBias:-0.0,Multiplicity:1.09
0.100	0.100	0.700	0.100
0.700	0.100	0.100	0.100
0.700	0.100	0.100	0.100
0.700	0.100	0.100	0.100
0.100	0.700	0.100	0.100
0.100	0.700	0.100	0.100
0.100	0.100	0.700	0.100
0.700	0.100	0.100	0.100
0.700	0.100	0.100	0.100
0.700	0.100	0.100	0.100
>AWCGAAACCA	4-AWCGAAACCA	5.856578	-1209.069789	0	T:972.0(22.02%),B:1329.3(2.94%),P:1e-525	Tpos:235.8,Tstd:156.4,Bpos:220.3,Bstd:141.3,StrandBias:0.2,Multiplicity:1.04
0.997	0.001	0.001	0.001
0.425	0.031	0.001	0.543
0.001	0.849	0.001	0.149
0.001	0.001	0.997	0.001
0.997	0.001	0.001	0.001
0.997	0.001	0.001	0.001
0.997	0.001	0.001	0.001
0.001	0.594	0.404	0.001
0.001	0.673	0.001	0.325
0.997	0.001	0.001	0.001
>GCAAAAGCGA	5-GCAAAAGCGA	9.583636	-83.149775	0	T:162.0(3.67%),B:513.0(1.13%),P:1e-36	Tpos:229.1,Tstd:157.1,Bpos:226.5,Bstd:142.6,StrandBias:0.2,Multiplicity:1.05
0.016	0.055	0.928	0.001
0.001	0.961	0.008	0.030
0.997	0.001	0.001	0.001
0.977	0.001	0.021	0.001
0.997	0.001	0.001	0.001
0.980	0.001	0.018	0.001
0.001	0.050	0.928	0.021
0.155	0.664	0.067	0.114
0.055	0.093	0.851	0.001
0.997	0.001	0.001	0.001
>TTACCTGGCA	6-TTACCTGGCA	6.556750	-61.847031	0	T:1219.0(27.61%),B:9398.9(20.76%),P:1e-26	Tpos:255.8,Tstd:200.6,Bpos:216.7,Bstd:139.8,StrandBias:0.0,Multiplicity:1.20
0.039	0.042	0.023	0.896
0.023	0.065	0.037	0.875
0.647	0.100	0.064	0.189
0.071	0.753	0.093	0.083
0.085	0.831	0.039	0.045
0.128	0.041	0.028	0.803
0.108	0.020	0.800	0.072
0.055	0.059	0.815	0.071
0.151	0.731	0.050	0.068
0.854	0.057	0.042	0.047
>TGAGTAAGCA	7-TGAGTAAGCA	7.219610	-51.875497	0	T:1133.0(25.66%),B:8854.2(19.56%),P:1e-22	Tpos:261.1,Tstd:188.9,Bpos:218.1,Bstd:139.3,StrandBias:-0.0,Multiplicity:1.20
0.172	0.017	0.019	0.792
0.260	0.065	0.556	0.119
0.754	0.001	0.001	0.244
0.001	0.077	0.750	0.172
0.210	0.080	0.001	0.709
0.602	0.262	0.128	0.008
0.979	0.017	0.002	0.002
0.323	0.038	0.533	0.106
0.019	0.683	0.005	0.293
0.862	0.029	0.001	0.108
>AACCAAAACC	8-AACCAAAACC	10.296193	-50.902176	0	T:51.0(1.16%),B:89.6(0.20%),P:1e-22	Tpos:179.0,Tstd:98.6,Bpos:240.4,Bstd:115.7,StrandBias:-0.4,Multiplicity:1.91
0.700	0.100	0.100	0.100
0.700	0.100	0.100	0.100
0.100	0.700	0.100	0.100
0.100	0.700	0.100	0.100
0.700	0.100	0.100	0.100
0.700	0.100	0.100	0.100
0.700	0.100	0.100	0.100
0.700	0.100	0.100	0.100
0.100	0.700	0.100	0.100
0.100	0.700	0.100	0.100
>GGYTGCACAA	9-GGYTGCACAA	8.054926	-47.834288	0	T:170.0(3.85%),B:771.2(1.70%),P:1e-20	Tpos:254.5,Tstd:180.7,Bpos:214.5,Bstd:139.3,StrandBias:0.2,Multiplicity:1.04
0.187	0.199	0.391	0.223
0.203	0.023	0.514	0.260
0.153	0.350	0.017	0.480
0.084	0.061	0.029	0.826
0.069	0.004	0.926	0.001
0.022	0.699	0.226	0.053
0.595	0.101	0.054	0.250
0.009	0.719	0.126	0.146
0.693	0.236	0.025	0.046
0.791	0.051	0.080	0.078
>GTGACTVGTT	10-GTGACTVGTT	8.926274	-41.591012	0	T:157.0(3.56%),B:734.8(1.62%),P:1e-18	Tpos:224.6,Tstd:165.2,Bpos:223.7,Bstd:137.9,StrandBias:-0.2,Multiplicity:1.03
0.137	0.073	0.789	0.001
0.099	0.001	0.001	0.899
0.001	0.271	0.727	0.001
0.845	0.128	0.026	0.001
0.001	0.977	0.001	0.021
0.001	0.139	0.001	0.859
0.319	0.310	0.357	0.015
0.321	0.001	0.677	0.001
0.001	0.394	0.001	0.604
0.001	0.001	0.167	0.831
>CCATTARTCA	11-CCATTARTCA	5.640413	-40.707309	0	T:301.0(6.82%),B:1813.7(4.01%),P:1e-17	Tpos:251.0,Tstd:186.5,Bpos:221.9,Bstd:131.6,StrandBias:0.3,Multiplicity:1.04
0.001	0.876	0.001	0.122
0.001	0.997	0.001	0.001
0.997	0.001	0.001	0.001
0.001	0.001	0.001	0.997
0.001	0.001	0.001	0.997
0.997	0.001	0.001	0.001
0.501	0.001	0.497	0.001
0.091	0.285	0.001	0.623
0.001	0.997	0.001	0.001
0.997	0.001	0.001	0.001
>TTATCTCTGG	12-TTATCTCTGG	8.409156	-40.446798	0	T:175.0(3.96%),B:869.5(1.92%),P:1e-17	Tpos:277.8,Tstd:195.2,Bpos:221.1,Bstd:137.3,StrandBias:0.5,Multiplicity:1.11
0.071	0.076	0.079	0.774
0.012	0.095	0.216	0.677
0.574	0.017	0.146	0.263
0.248	0.116	0.001	0.635
0.001	0.732	0.149	0.118
0.025	0.101	0.014	0.860
0.152	0.592	0.215	0.041
0.176	0.011	0.018	0.795
0.036	0.005	0.666	0.293
0.173	0.176	0.513	0.138
>AGTGGAATCA	13-AGTGGAATCA	9.851931	-38.450387	0	T:78.0(1.77%),B:258.9(0.57%),P:1e-16	Tpos:217.6,Tstd:166.8,Bpos:208.6,Bstd:118.9,StrandBias:-0.2,Multiplicity:1.01
0.964	0.034	0.001	0.001
0.001	0.001	0.997	0.001
0.001	0.029	0.001	0.969
0.001	0.001	0.931	0.067
0.001	0.001	0.997	0.001
0.997	0.001	0.001	0.001
0.878	0.120	0.001	0.001
0.001	0.001	0.001	0.997
0.001	0.859	0.001	0.139
0.934	0.001	0.001	0.064
>GCAGCAGCTG	14-GCAGCAGCTG	7.074502	-38.062040	0	T:656.0(14.86%),B:4868.5(10.75%),P:1e-16	Tpos:253.7,Tstd:190.4,Bpos:218.7,Bstd:145.3,StrandBias:-0.0,Multiplicity:1.20
0.115	0.079	0.748	0.058
0.068	0.784	0.074	0.074
0.799	0.016	0.081	0.104
0.064	0.071	0.808	0.057
0.049	0.823	0.072	0.056
0.782	0.032	0.042	0.144
0.085	0.056	0.810	0.049
0.095	0.779	0.094	0.032
0.074	0.030	0.053	0.843
0.089	0.026	0.831	0.054
>GACTACTCTA	15-GACTACTCTA	8.931834	-35.489005	0	T:93.0(2.11%),B:362.4(0.80%),P:1e-15	Tpos:220.6,Tstd:156.3,Bpos:205.6,Bstd:141.0,StrandBias:0.2,Multiplicity:1.01
0.001	0.135	0.863	0.001
0.896	0.012	0.055	0.037
0.001	0.948	0.050	0.001
0.001	0.007	0.062	0.930
0.988	0.001	0.010	0.001
0.006	0.945	0.048	0.001
0.001	0.001	0.062	0.936
0.014	0.713	0.190	0.083
0.001	0.001	0.062	0.936
0.997	0.001	0.001	0.001
>GGTGGTTGCC	16-GGTGGTTGCC	9.590851	-34.993652	0	T:37.0(0.84%),B:70.7(0.16%),P:1e-15	Tpos:226.8,Tstd:234.7,Bpos:222.0,Bstd:143.9,StrandBias:-0.9,Multiplicity:1.00
0.001	0.001	0.997	0.001
0.001	0.001	0.997	0.001
0.001	0.001	0.018	0.980
0.132	0.073	0.794	0.001
0.001	0.001	0.997	0.001
0.001	0.001	0.001	0.997
0.001	0.001	0.001	0.997
0.001	0.001	0.997	0.001
0.001	0.997	0.001	0.001
0.001	0.997	0.001	0.001
>GAGCAGAGGG	17-GAGCAGAGGG	7.149720	-33.301488	0	T:820.0(18.57%),B:6477.6(14.31%),P:1e-14	Tpos:271.4,Tstd:205.4,Bpos:219.1,Bstd:142.3,StrandBias:0.0,Multiplicity:1.19
0.068	0.070	0.825	0.037
0.775	0.039	0.155	0.031
0.078	0.074	0.789	0.059
0.077	0.772	0.090	0.061
0.863	0.029	0.052	0.056
0.041	0.073	0.847	0.039
0.785	0.066	0.072	0.077
0.105	0.019	0.814	0.062
0.095	0.031	0.811	0.063
0.114	0.106	0.725	0.055
>TACTTCTGCT	18-TACTTCTGCT	10.004492	-32.381408	0	T:76.0(1.72%),B:278.6(0.62%),P:1e-14	Tpos:207.6,Tstd:162.1,Bpos:219.9,Bstd:139.4,StrandBias:0.8,Multiplicity:1.05
0.001	0.411	0.001	0.587
0.997	0.001	0.001	0.001
0.001	0.972	0.026	0.001
0.001	0.001	0.001	0.997
0.001	0.083	0.001	0.915
0.284	0.714	0.001	0.001
0.001	0.217	0.001	0.781
0.050	0.001	0.948	0.001
0.001	0.997	0.001	0.001
0.001	0.001	0.001	0.997
>GCCCTGTGGA	19-GCCCTGTGGA	4.957275	-30.225343	0	T:1816.0(41.13%),B:16182.5(35.74%),P:1e-13	Tpos:272.2,Tstd:212.0,Bpos:216.4,Bstd:139.4,StrandBias:-0.1,Multiplicity:1.40
0.098	0.094	0.693	0.115
0.119	0.692	0.101	0.088
0.105	0.700	0.077	0.118
0.120	0.673	0.071	0.136
0.112	0.067	0.069	0.752
0.095	0.092	0.717	0.096
0.115	0.073	0.092	0.720
0.098	0.078	0.724	0.100
0.118	0.111	0.655	0.116
0.676	0.116	0.111	0.097
>CAGCAGGGTG	20-CAGCAGGGTG	8.464985	-28.498217	0	T:309.0(7.00%),B:2071.7(4.58%),P:1e-12	Tpos:255.7,Tstd:214.0,Bpos:218.8,Bstd:139.1,StrandBias:-0.0,Multiplicity:1.06
0.001	0.997	0.001	0.001
0.791	0.001	0.154	0.054
0.207	0.086	0.706	0.001
0.045	0.595	0.001	0.359
0.970	0.001	0.001	0.028
0.243	0.001	0.755	0.001
0.053	0.138	0.808	0.001
0.338	0.152	0.509	0.001
0.176	0.001	0.097	0.726
0.001	0.001	0.997	0.001
>GCAAGATGAA	21-GCAAGATGAA	9.402128	-26.857872	0	T:46.0(1.04%),B:138.0(0.30%),P:1e-11	Tpos:243.1,Tstd:206.0,Bpos:218.3,Bstd:151.2,StrandBias:-0.3,Multiplicity:1.00
0.001	0.001	0.997	0.001
0.001	0.997	0.001	0.001
0.937	0.001	0.061	0.001
0.804	0.001	0.001	0.194
0.001	0.001	0.997	0.001
0.997	0.001	0.001	0.001
0.001	0.001	0.001	0.997
0.001	0.001	0.997	0.001
0.997	0.001	0.001	0.001
0.997	0.001	0.001	0.001
>ACGAATACTG	22-ACGAATACTG	9.224442	-25.513701	0	T:60.0(1.36%),B:222.8(0.49%),P:1e-11	Tpos:208.7,Tstd:153.7,Bpos:235.1,Bstd:121.8,StrandBias:-0.0,Multiplicity:1.00
0.995	0.001	0.001	0.003
0.001	0.936	0.001	0.062
0.051	0.001	0.947	0.001
0.864	0.001	0.134	0.001
0.762	0.001	0.166	0.071
0.001	0.001	0.001	0.997
0.833	0.001	0.001	0.165
0.001	0.784	0.135	0.080
0.081	0.001	0.135	0.783
0.001	0.001	0.871	0.127
>ACATCCACCC	23-ACATCCACCC	10.296193	-20.491408	0	T:16.0(0.36%),B:22.6(0.05%),P:1e-8	Tpos:223.8,Tstd:178.1,Bpos:207.4,Bstd:132.4,StrandBias:0.0,Multiplicity:1.00
0.700	0.100	0.100	0.100
0.100	0.700	0.100	0.100
0.700	0.100	0.100	0.100
0.100	0.100	0.100	0.700
0.100	0.700	0.100	0.100
0.100	0.700	0.100	0.100
0.700	0.100	0.100	0.100
0.100	0.700	0.100	0.100
0.100	0.700	0.100	0.100
0.100	0.700	0.100	0.100
>TGCGKGGAAT	24-TGCGKGGAAT	11.027550	-19.508672	0	T:29.0(0.66%),B:79.4(0.18%),P:1e-8	Tpos:176.6,Tstd:113.7,Bpos:211.8,Bstd:126.9,StrandBias:-0.1,Multiplicity:1.00
0.001	0.001	0.001	0.997
0.001	0.001	0.997	0.001
0.001	0.997	0.001	0.001
0.174	0.001	0.824	0.001
0.001	0.001	0.468	0.530
0.001	0.001	0.997	0.001
0.001	0.001	0.997	0.001
0.650	0.348	0.001	0.001
0.997	0.001	0.001	0.001
0.001	0.001	0.001	0.997
>ACGACATTAG	25-ACGACATTAG	11.772334	-17.389066	0	T:7.0(0.16%),B:3.3(0.01%),P:1e-7	Tpos:155.4,Tstd:31.9,Bpos:235.2,Bstd:88.7,StrandBias:-0.4,Multiplicity:1.00
0.997	0.001	0.001	0.001
0.001	0.997	0.001	0.001
0.001	0.001	0.997	0.001
0.997	0.001	0.001	0.001
0.001	0.997	0.001	0.001
0.997	0.001	0.001	0.001
0.001	0.001	0.001	0.997
0.001	0.001	0.001	0.997
0.997	0.001	0.001	0.001
0.001	0.127	0.871	0.001
>ASTTTCACTTTC	1-ASTTTCACTTTC	10.100271	-9965.330112	0	T:3114.0(70.53%),B:788.3(1.74%),P:1e-4327	Tpos:231.2,Tstd:139.8,Bpos:223.7,Bstd:137.7,StrandBias:-0.1,Multiplicity:1.12
0.533	0.064	0.272	0.131
0.046	0.486	0.424	0.044
0.047	0.048	0.023	0.882
0.040	0.030	0.037	0.893
0.027	0.048	0.034	0.891
0.026	0.798	0.025	0.151
0.710	0.054	0.105	0.131
0.048	0.487	0.305	0.160
0.038	0.029	0.017	0.916
0.047	0.041	0.026	0.886
0.044	0.087	0.035	0.834
0.068	0.686	0.049	0.197
>RCTTTCASTTTC	2-RCTTTCASTTTC	9.325834	-8769.606863	0	T:3912.0(88.61%),B:3259.9(7.20%),P:1e-3808	Tpos:221.5,Tstd:150.9,Bpos:221.1,Bstd:142.9,StrandBias:0.0,Multiplicity:1.27
0.445	0.057	0.375	0.123
0.019	0.584	0.375	0.022
0.001	0.001	0.001	0.997
0.001	0.001	0.001	0.997
0.001	0.039	0.001	0.959
0.001	0.744	0.001	0.254
0.483	0.036	0.324	0.158
0.042	0.404	0.410	0.143
0.001	0.001	0.001	0.997
0.008	0.001	0.001	0.990
0.073	0.143	0.001	0.783
0.082	0.601	0.068	0.249
>GAAASTGAAAST	3-GAAASTGAAAST	9.198330	-8125.164902	0	T:3836.0(86.89%),B:3528.5(7.79%),P:1e-3528	Tpos:221.9,Tstd:148.3,Bpos:217.2,Bstd:143.0,StrandBias:0.1,Multiplicity:1.12
0.225	0.089	0.470	0.217
0.822	0.001	0.176	0.001
0.776	0.001	0.071	0.152
0.997	0.001	0.001	0.001
0.205	0.297	0.373	0.124
0.196	0.001	0.122	0.681
0.001	0.001	0.997	0.001
0.858	0.001	0.140	0.001
0.912	0.001	0.001	0.086
0.934	0.001	0.064	0.001
0.056	0.391	0.491	0.063
0.129	0.269	0.104	0.499
>GAAAGGGAAAGG	4-GAAAGGGAAAGG	10.483457	-203.395324	0	T:419.0(9.49%),B:1386.8(3.06%),P:1e-88	Tpos:250.6,Tstd:173.7,Bpos:220.1,Bstd:145.9,StrandBias:-0.2,Multiplicity:1.17
0.060	0.249	0.690	0.001
0.819	0.001	0.179	0.001
0.694	0.001	0.304	0.001
0.731	0.001	0.267	0.001
0.154	0.001	0.844	0.001
0.022	0.001	0.813	0.164
0.319	0.001	0.580	0.100
0.997	0.001	0.001	0.001
0.997	0.001	0.001	0.001
0.951	0.001	0.047	0.001
0.103	0.001	0.598	0.298
0.122	0.001	0.876	0.001
>AAGTGGAATCAT	5-AAGTGGAATCAT	12.240896	-68.787867	0	T:59.0(1.34%),B:84.8(0.19%),P:1e-29	Tpos:217.8,Tstd:142.4,Bpos:220.0,Bstd:119.4,StrandBias:0.1,Multiplicity:1.02
0.864	0.001	0.134	0.001
0.972	0.001	0.026	0.001
0.001	0.001	0.916	0.082
0.001	0.036	0.001	0.962
0.115	0.001	0.883	0.001
0.037	0.036	0.926	0.001
0.972	0.001	0.001	0.026
0.962	0.036	0.001	0.001
0.001	0.001	0.001	0.997
0.001	0.954	0.001	0.044
0.924	0.039	0.036	0.001
0.001	0.056	0.015	0.928
>TTGCACAACAAT	6-TTGCACAACAAT	12.249729	-62.548765	0	T:47.0(1.06%),B:56.7(0.13%),P:1e-27	Tpos:168.3,Tstd:117.6,Bpos:210.3,Bstd:110.6,StrandBias:-0.3,Multiplicity:1.00
0.001	0.071	0.001	0.927
0.001	0.001	0.001	0.997
0.001	0.001	0.968	0.030
0.001	0.957	0.001	0.041
0.981	0.017	0.001	0.001
0.024	0.915	0.001	0.060
0.997	0.001	0.001	0.001
0.927	0.041	0.031	0.001
0.001	0.825	0.001	0.173
0.927	0.001	0.041	0.031
0.845	0.025	0.060	0.070
0.001	0.041	0.041	0.917
>GTGGTTGCCAGG	7-GTGGTTGCCAGG	11.297357	-60.381901	0	T:55.0(1.25%),B:85.5(0.19%),P:1e-26	Tpos:174.9,Tstd:99.5,Bpos:221.7,Bstd:127.3,StrandBias:0.1,Multiplicity:1.02
0.324	0.024	0.627	0.025
0.042	0.048	0.242	0.668
0.290	0.001	0.570	0.139
0.096	0.117	0.748	0.039
0.060	0.024	0.210	0.706
0.229	0.001	0.026	0.744
0.125	0.025	0.787	0.063
0.024	0.921	0.018	0.037
0.048	0.684	0.024	0.244
0.950	0.048	0.001	0.001
0.261	0.001	0.720	0.018
0.024	0.001	0.951	0.024
>AAGTGGCCAATG	8-AAGTGGCCAATG	13.646375	-57.891329	0	T:14.0(0.32%),B:0.9(0.00%),P:1e-25	Tpos:190.5,Tstd:146.2,Bpos:186.0,Bstd:0.0,StrandBias:0.0,Multiplicity:1.00
0.997	0.001	0.001	0.001
0.943	0.001	0.055	0.001
0.001	0.001	0.997	0.001
0.001	0.001	0.001	0.997
0.001	0.001	0.997	0.001
0.001	0.001	0.997	0.001
0.001	0.997	0.001	0.001
0.001	0.997	0.001	0.001
0.943	0.001	0.055	0.001
0.997	0.001	0.001	0.001
0.001	0.001	0.001	0.997
0.001	0.001	0.997	0.001
>TTCCAGGAAATG	9-TTCCAGGAAATG	9.494301	-49.955454	0	T:198.0(4.48%),B:944.3(2.09%),P:1e-21	Tpos:239.0,Tstd:174.7,Bpos:209.7,Bstd:142.8,StrandBias:0.0,Multiplicity:1.06
0.034	0.076	0.036	0.854
0.055	0.030	0.076	0.839
0.089	0.798	0.068	0.045
0.035	0.901	0.015	0.049
0.827	0.020	0.020	0.133
0.046	0.020	0.903	0.031
0.026	0.044	0.845	0.085
0.824	0.074	0.060	0.042
0.902	0.024	0.039	0.035
0.705	0.141	0.067	0.087
0.050	0.009	0.085	0.856
0.066	0.114	0.751	0.069
>GGACATTATGCT	10-GGACATTATGCT	10.067740	-48.744141	0	T:69.0(1.56%),B:171.8(0.38%),P:1e-21	Tpos:213.4,Tstd:143.2,Bpos:208.8,Bstd:126.1,StrandBias:-0.2,Multiplicity:1.00
0.054	0.031	0.821	0.094
0.048	0.072	0.753	0.127
0.873	0.065	0.001	0.061
0.048	0.751	0.118	0.083
0.816	0.088	0.013	0.083
0.011	0.044	0.026	0.919
0.070	0.062	0.049	0.819
0.847	0.069	0.035	0.049
0.092	0.018	0.053	0.837
0.044	0.034	0.887	0.035
0.049	0.816	0.070	0.065
0.061	0.070	0.001	0.868
>ATTTGTAATCCA	11-ATTTGTAATCCA	12.355432	-48.025152	0	T:12.0(0.27%),B:1.8(0.00%),P:1e-20	Tpos:257.2,Tstd:154.9,Bpos:295.2,Bstd:47.8,StrandBias:0.5,Multiplicity:1.00
0.700	0.100	0.100	0.100
0.100	0.100	0.100	0.700
0.100	0.100	0.100	0.700
0.100	0.100	0.100	0.700
0.100	0.100	0.700	0.100
0.100	0.100	0.100	0.700
0.700	0.100	0.100	0.100
0.700	0.100	0.100	0.100
0.100	0.100	0.100	0.700
0.100	0.700	0.100	0.100
0.100	0.700	0.100	0.100
0.700	0.100	0.100	0.100
>TAGCTACTCCTG	12-TAGCTACTCCTG	13.674942	-43.198086	0	T:17.0(0.39%),B:6.7(0.01%),P:1e-18	Tpos:131.2,Tstd:62.8,Bpos:232.2,Bstd:88.0,StrandBias:1.3,Multiplicity:1.00
0.001	0.001	0.001	0.997
0.997	0.001	0.001	0.001
0.001	0.001	0.997	0.001
0.001	0.997	0.001	0.001
0.001	0.001	0.001	0.997
0.997	0.001	0.001	0.001
0.001	0.932	0.066	0.001
0.001	0.001	0.001	0.997
0.066	0.932	0.001	0.001
0.001	0.997	0.001	0.001
0.001	0.001	0.001	0.997
0.067	0.067	0.865	0.001
>TGAATGTACTTA	13-TGAATGTACTTA	12.043644	-42.744912	0	T:50.0(1.13%),B:104.7(0.23%),P:1e-18	Tpos:246.7,Tstd:199.6,Bpos:202.4,Bstd:128.1,StrandBias:-0.1,Multiplicity:1.00
0.024	0.001	0.001	0.974
0.001	0.001	0.997	0.001
0.941	0.001	0.029	0.029
0.913	0.029	0.057	0.001
0.001	0.001	0.001	0.997
0.205	0.058	0.694	0.043
0.001	0.070	0.001	0.928
0.964	0.001	0.034	0.001
0.029	0.916	0.001	0.054
0.001	0.001	0.001	0.997
0.001	0.028	0.001	0.970
0.899	0.043	0.057	0.001
>GTCAAATTCATA	14-GTCAAATTCATA	11.643716	-40.071055	0	T:43.0(0.97%),B:82.7(0.18%),P:1e-17	Tpos:185.9,Tstd:117.7,Bpos:202.1,Bstd:121.9,StrandBias:0.2,Multiplicity:1.00
0.027	0.001	0.971	0.001
0.001	0.055	0.010	0.934
0.001	0.952	0.033	0.014
0.943	0.001	0.001	0.055
0.943	0.001	0.055	0.001
0.889	0.055	0.001	0.055
0.104	0.118	0.056	0.722
0.023	0.001	0.001	0.975
0.001	0.997	0.001	0.001
0.889	0.001	0.055	0.055
0.001	0.016	0.055	0.928
0.997	0.001	0.001	0.001
>ACAGTAGTCCCC	15-ACAGTAGTCCCC	10.419386	-39.639889	0	T:59.0(1.34%),B:154.7(0.34%),P:1e-17	Tpos:207.7,Tstd:150.9,Bpos:210.9,Bstd:144.2,StrandBias:0.4,Multiplicity:1.00
0.754	0.086	0.117	0.043
0.160	0.765	0.074	0.001
0.913	0.085	0.001	0.001
0.045	0.130	0.739	0.086
0.066	0.196	0.045	0.693
0.997	0.001	0.001	0.001
0.001	0.001	0.903	0.095
0.032	0.043	0.003	0.922
0.001	0.729	0.001	0.269
0.043	0.911	0.001	0.045
0.001	0.847	0.043	0.109
0.001	0.870	0.001	0.128
>TTGTGACTGGCT	16-TTGTGACTGGCT	12.140167	-39.460794	0	T:54.0(1.22%),B:131.8(0.29%),P:1e-17	Tpos:178.4,Tstd:133.9,Bpos:235.5,Bstd:127.5,StrandBias:-0.2,Multiplicity:1.00
0.001	0.135	0.056	0.808
0.041	0.001	0.001	0.957
0.081	0.001	0.917	0.001
0.001	0.001	0.001	0.997
0.042	0.001	0.915	0.042
0.942	0.033	0.024	0.001
0.001	0.971	0.001	0.027
0.027	0.001	0.001	0.971
0.028	0.001	0.941	0.030
0.027	0.001	0.971	0.001
0.042	0.837	0.001	0.120
0.001	0.001	0.001	0.997
>TTTGCGTGGAAT	17-TTTGCGTGGAAT	12.931021	-39.276041	0	T:27.0(0.61%),B:29.2(0.06%),P:1e-17	Tpos:192.2,Tstd:135.8,Bpos:207.9,Bstd:144.8,StrandBias:0.0,Multiplicity:1.04
0.043	0.001	0.001	0.955
0.001	0.001	0.149	0.849
0.001	0.001	0.001	0.997
0.192	0.001	0.806	0.001
0.150	0.509	0.001	0.340
0.357	0.001	0.641	0.001
0.001	0.001	0.001	0.997
0.001	0.001	0.997	0.001
0.001	0.001	0.997	0.001
0.699	0.150	0.150	0.001
0.697	0.001	0.301	0.001
0.001	0.001	0.001	0.997
>CAACCAATCAGA	18-CAACCAATCAGA	12.474171	-36.389483	0	T:30.0(0.68%),B:42.2(0.09%),P:1e-15	Tpos:225.5,Tstd:144.2,Bpos:212.5,Bstd:148.6,StrandBias:-0.7,Multiplicity:1.40
0.001	0.966	0.001	0.032
0.973	0.025	0.001	0.001
0.955	0.043	0.001	0.001
0.044	0.879	0.033	0.044
0.001	0.997	0.001	0.001
0.977	0.021	0.001	0.001
0.838	0.001	0.160	0.001
0.001	0.043	0.001	0.955
0.001	0.955	0.001	0.043
0.997	0.001	0.001	0.001
0.076	0.001	0.880	0.043
0.913	0.001	0.043	0.043
>GGGCAGTGGTTA	19-GGGCAGTGGTTA	13.846714	-35.021152	0	T:12.0(0.27%),B:3.7(0.01%),P:1e-15	Tpos:144.3,Tstd:74.3,Bpos:244.9,Bstd:79.0,StrandBias:0.5,Multiplicity:1.00
0.001	0.001	0.997	0.001
0.001	0.001	0.997	0.001
0.001	0.001	0.997	0.001
0.001	0.997	0.001	0.001
0.924	0.001	0.001	0.074
0.001	0.001	0.997	0.001
0.001	0.001	0.001	0.997
0.001	0.001	0.997	0.001
0.001	0.074	0.924	0.001
0.001	0.074	0.001	0.924
0.001	0.001	0.001	0.997
0.997	0.001	0.001	0.001
>AAGCTGCTGTGC	20-AAGCTGCTGTGC	12.355432	-31.637600	0	T:10.0(0.23%),B:2.3(0.01%),P:1e-13	Tpos:167.0,Tstd:54.2,Bpos:243.1,Bstd:149.5,StrandBias:0.6,Multiplicity:1.00
0.700	0.100	0.100	0.100
0.700	0.100	0.100	0.100
0.100	0.100	0.700	0.100
0.100	0.700	0.100	0.100
0.100	0.100	0.100	0.700
0.100	0.100	0.700	0.100
0.100	0.700	0.100	0.100
0.100	0.100	0.100	0.700
0.100	0.100	0.700	0.100
0.100	0.100	0.100	0.700
0.100	0.100	0.700	0.100
0.100	0.700	0.100	0.100
>TCCTTGCAGCTG	21-TCCTTGCAGCTG	12.355432	-27.696598	0	T:9.0(0.20%),B:2.9(0.01%),P:1e-12	Tpos:137.7,Tstd:100.4,Bpos:196.3,Bstd:47.5,StrandBias:0.3,Multiplicity:1.00
0.100	0.100	0.100	0.700
0.100	0.700	0.100	0.100
0.100	0.700	0.100	0.100
0.100	0.100	0.100	0.700
0.100	0.100	0.100	0.700
0.100	0.100	0.700	0.100
0.100	0.700	0.100	0.100
0.700	0.100	0.100	0.100
0.100	0.100	0.700	0.100
0.100	0.700	0.100	0.100
0.100	0.100	0.100	0.700
0.100	0.100	0.700	0.100
>CCTGCACTGCTC	22-CCTGCACTGCTC	14.172063	-27.696598	0	T:9.0(0.20%),B:2.7(0.01%),P:1e-12	Tpos:157.0,Tstd:139.7,Bpos:172.6,Bstd:88.8,StrandBias:-0.3,Multiplicity:1.00
0.001	0.910	0.001	0.088
0.001	0.997	0.001	0.001
0.001	0.001	0.001	0.997
0.001	0.001	0.997	0.001
0.001	0.997	0.001	0.001
0.997	0.001	0.001	0.001
0.001	0.997	0.001	0.001
0.001	0.001	0.001	0.997
0.001	0.001	0.997	0.001
0.001	0.997	0.001	0.001
0.001	0.001	0.001	0.997
0.001	0.997	0.001	0.001
>TAGGCTTTTAGC	23-TAGGCTTTTAGC	12.355432	-27.696598	0	T:9.0(0.20%),B:2.7(0.01%),P:1e-12	Tpos:197.1,Tstd:130.9,Bpos:269.2,Bstd:121.8,StrandBias:-0.3,Multiplicity:1.00
0.100	0.100	0.100	0.700
0.700	0.100	0.100	0.100
0.100	0.100	0.700	0.100
0.100	0.100	0.700	0.100
0.100	0.700	0.100	0.100
0.100	0.100	0.100	0.700
0.100	0.100	0.100	0.700
0.100	0.100	0.100	0.700
0.100	0.100	0.100	0.700
0.700	0.100	0.100	0.100
0.100	0.100	0.700	0.100
0.100	0.700	0.100	0.100
>GGTGGAGGGGCA	24-GGTGGAGGGGCA	12.355432	-23.860782	0	T:8.0(0.18%),B:2.5(0.01%),P:1e-10	Tpos:175.0,Tstd:78.7,Bpos:212.9,Bstd:111.6,StrandBias:0.7,Multiplicity:1.00
0.100	0.100	0.700	0.100
0.100	0.100	0.700	0.100
0.100	0.100	0.100	0.700
0.100	0.100	0.700	0.100
0.100	0.100	0.700	0.100
0.700	0.100	0.100	0.100
0.100	0.100	0.700	0.100
0.100	0.100	0.700	0.100
0.100	0.100	0.700	0.100
0.100	0.100	0.700	0.100
0.100	0.700	0.100	0.100
0.700	0.100	0.100	0.100
>CCACATGTGGWC	25-CCACATGTGGWC	11.631177	-20.398172	0	T:15.0(0.34%),B:19.1(0.04%),P:1e-8	Tpos:190.9,Tstd:126.6,Bpos:249.7,Bstd:147.4,StrandBias:0.0,Multiplicity:1.00
0.001	0.779	0.059	0.161
0.144	0.708	0.001	0.147
0.997	0.001	0.001	0.001
0.001	0.968	0.030	0.001
0.936	0.062	0.001	0.001
0.031	0.001	0.027	0.941
0.102	0.109	0.788	0.001
0.211	0.001	0.031	0.757
0.162	0.001	0.656	0.181
0.096	0.139	0.612	0.153
0.388	0.177	0.084	0.350
0.181	0.503	0.154	0.162
>AAGTGAAA	1-AAGTGAAA	6.492824	-4085.583519	0	T:2925.0(66.25%),B:4508.1(9.96%),P:1e-1774	Tpos:232.0,Tstd:146.2,Bpos:220.4,Bstd:139.9,StrandBias:0.1,Multiplicity:1.26
0.997	0.001	0.001	0.001
0.997	0.001	0.001	0.001
0.001	0.270	0.728	0.001
0.001	0.038	0.001	0.960
0.001	0.001	0.997	0.001
0.997	0.001	0.001	0.001
0.997	0.001	0.001	0.001
0.997	0.001	0.001	0.001
>AACGAAAG	2-AACGAAAG	5.611726	-926.248724	0	T:1327.0(30.06%),B:3581.8(7.91%),P:1e-402	Tpos:232.2,Tstd:152.3,Bpos:218.8,Bstd:140.9,StrandBias:0.0,Multiplicity:1.11
0.997	0.001	0.001	0.001
0.997	0.001	0.001	0.001
0.001	0.985	0.001	0.013
0.001	0.001	0.997	0.001
0.997	0.001	0.001	0.001
0.997	0.001	0.001	0.001
0.997	0.001	0.001	0.001
0.001	0.327	0.671	0.001
>GAACGCAA	3-GAACGCAA	5.838071	-599.571169	0	T:1010.0(22.88%),B:3019.9(6.67%),P:1e-260	Tpos:256.7,Tstd:204.0,Bpos:221.5,Bstd:138.3,StrandBias:-0.2,Multiplicity:1.08
0.001	0.001	0.997	0.001
0.997	0.001	0.001	0.001
0.988	0.010	0.001	0.001
0.138	0.860	0.001	0.001
0.001	0.001	0.997	0.001
0.001	0.618	0.001	0.380
0.997	0.001	0.001	0.001
0.997	0.001	0.001	0.001
>TTTCTGTT	4-TTTCTGTT	6.347923	-382.471253	0	T:1448.0(32.80%),B:7235.0(15.98%),P:1e-166	Tpos:249.9,Tstd:185.8,Bpos:218.6,Bstd:143.3,StrandBias:-0.0,Multiplicity:1.28
0.001	0.001	0.001	0.997
0.001	0.001	0.001	0.997
0.001	0.001	0.001	0.997
0.001	0.997	0.001	0.001
0.001	0.014	0.001	0.984
0.001	0.364	0.634	0.001
0.001	0.001	0.001	0.997
0.001	0.001	0.001	0.997
>STTTCGAT	5-STTTCGAT	6.056957	-108.730215	0	T:472.0(10.69%),B:2350.2(5.19%),P:1e-47	Tpos:268.5,Tstd:195.2,Bpos:220.1,Bstd:137.8,StrandBias:-0.2,Multiplicity:1.06
0.001	0.471	0.527	0.001
0.001	0.119	0.001	0.879
0.099	0.001	0.001	0.899
0.145	0.001	0.001	0.853
0.001	0.997	0.001	0.001
0.098	0.001	0.900	0.001
0.997	0.001	0.001	0.001
0.001	0.001	0.001	0.997
>CCGGGAAA	6-CCGGGAAA	5.514825	-94.207177	0	T:1143.0(25.89%),B:8029.5(17.73%),P:1e-40	Tpos:266.8,Tstd:207.4,Bpos:218.7,Bstd:139.4,StrandBias:0.0,Multiplicity:1.20
0.338	0.498	0.105	0.059
0.308	0.490	0.072	0.130
0.283	0.064	0.452	0.201
0.001	0.054	0.682	0.263
0.042	0.072	0.719	0.167
0.533	0.216	0.163	0.088
0.654	0.074	0.181	0.091
0.473	0.120	0.289	0.118
>TAAGTGGA	7-TAAGTGGA	7.135455	-58.496420	0	T:947.0(21.45%),B:6997.9(15.46%),P:1e-25	Tpos:253.1,Tstd:204.1,Bpos:219.0,Bstd:139.6,StrandBias:0.1,Multiplicity:1.13
0.044	0.001	0.048	0.907
0.893	0.001	0.076	0.030
0.988	0.010	0.001	0.001
0.141	0.020	0.838	0.001
0.001	0.001	0.042	0.956
0.071	0.032	0.896	0.001
0.001	0.088	0.794	0.117
0.866	0.074	0.033	0.027
>ATGAGTCA	8-ATGAGTCA	6.860087	-57.584391	0	T:908.0(20.57%),B:6668.3(14.73%),P:1e-25	Tpos:246.1,Tstd:183.5,Bpos:219.6,Bstd:141.4,StrandBias:0.0,Multiplicity:1.14
0.482	0.231	0.225	0.062
0.001	0.025	0.142	0.832
0.148	0.018	0.610	0.224
0.916	0.023	0.060	0.001
0.001	0.258	0.567	0.174
0.001	0.001	0.165	0.833
0.014	0.931	0.001	0.054
0.839	0.100	0.013	0.048
>AAACCAAA	9-AAACCAAA	8.236954	-53.739596	0	T:398.0(9.01%),B:2399.1(5.30%),P:1e-23	Tpos:236.4,Tstd:170.2,Bpos:216.1,Bstd:131.3,StrandBias:0.0,Multiplicity:1.26
0.700	0.100	0.100	0.100
0.700	0.100	0.100	0.100
0.700	0.100	0.100	0.100
0.100	0.700	0.100	0.100
0.100	0.700	0.100	0.100
0.700	0.100	0.100	0.100
0.700	0.100	0.100	0.100
0.700	0.100	0.100	0.100
>GTAAACAG	10-GTAAACAG	6.824669	-52.807809	0	T:1249.0(28.29%),B:9910.4(21.89%),P:1e-22	Tpos:265.4,Tstd:195.6,Bpos:217.6,Bstd:139.7,StrandBias:-0.1,Multiplicity:1.20
0.053	0.066	0.809	0.072
0.041	0.001	0.001	0.957
0.907	0.068	0.001	0.024
0.896	0.062	0.041	0.001
0.824	0.052	0.092	0.032
0.001	0.869	0.030	0.100
0.997	0.001	0.001	0.001
0.130	0.064	0.805	0.001
>CTTATCTG	11-CTTATCTG	6.766250	-45.015687	0	T:595.0(13.48%),B:4182.3(9.24%),P:1e-19	Tpos:255.2,Tstd:196.4,Bpos:221.0,Bstd:138.5,StrandBias:0.1,Multiplicity:1.08
0.001	0.997	0.001	0.001
0.001	0.078	0.001	0.920
0.117	0.001	0.001	0.881
0.997	0.001	0.001	0.001
0.001	0.001	0.001	0.997
0.001	0.879	0.119	0.001
0.001	0.068	0.001	0.930
0.106	0.149	0.744	0.001
>CGCTAATG	12-CGCTAATG	5.525293	-44.799133	0	T:1170.0(26.50%),B:9394.7(20.75%),P:1e-19	Tpos:266.7,Tstd:207.4,Bpos:220.4,Bstd:137.3,StrandBias:-0.1,Multiplicity:1.17
0.180	0.546	0.135	0.139
0.083	0.122	0.726	0.069
0.084	0.682	0.090	0.144
0.082	0.061	0.045	0.812
0.808	0.001	0.081	0.110
0.776	0.041	0.091	0.092
0.085	0.045	0.062	0.808
0.046	0.065	0.848	0.041
>GYCTAATG	13-GYCTAATG	3.245778	-41.631515	0	T:701.0(15.88%),B:5184.5(11.45%),P:1e-18	Tpos:260.8,Tstd:196.7,Bpos:217.5,Bstd:136.9,StrandBias:-0.1,Multiplicity:1.15
0.001	0.001	0.997	0.001
0.001	0.452	0.066	0.481
0.001	0.599	0.001	0.399
0.001	0.001	0.001	0.997
0.997	0.001	0.001	0.001
0.997	0.001	0.001	0.001
0.001	0.001	0.001	0.997
0.001	0.001	0.997	0.001
>AGGGAGTG	14-AGGGAGTG	7.292044	-40.141593	0	T:919.0(20.82%),B:7194.6(15.89%),P:1e-17	Tpos:256.6,Tstd:203.2,Bpos:219.6,Bstd:142.5,StrandBias:0.1,Multiplicity:1.23
0.943	0.001	0.001	0.055
0.001	0.001	0.962	0.036
0.041	0.001	0.869	0.089
0.063	0.075	0.861	0.001
0.971	0.001	0.001	0.027
0.044	0.041	0.891	0.024
0.175	0.001	0.188	0.636
0.001	0.001	0.938	0.060
>CTGCTGCT	15-CTGCTGCT	7.383447	-40.084138	0	T:945.0(21.40%),B:7435.8(16.42%),P:1e-17	Tpos:247.5,Tstd:189.1,Bpos:220.4,Bstd:143.6,StrandBias:0.1,Multiplicity:1.17
0.065	0.933	0.001	0.001
0.158	0.044	0.010	0.788
0.041	0.094	0.792	0.073
0.001	0.906	0.092	0.001
0.048	0.007	0.001	0.944
0.001	0.043	0.916	0.040
0.037	0.886	0.076	0.001
0.054	0.049	0.025	0.872
>CMKCKGGC	16-CMKCKGGC	6.069780	-35.718276	0	T:1374.0(31.12%),B:11628.8(25.68%),P:1e-15	Tpos:289.5,Tstd:222.7,Bpos:218.1,Bstd:139.2,StrandBias:0.0,Multiplicity:1.30
0.001	0.706	0.001	0.292
0.492	0.506	0.001	0.001
0.001	0.001	0.488	0.510
0.317	0.672	0.001	0.010
0.194	0.001	0.351	0.454
0.001	0.001	0.747	0.251
0.263	0.065	0.671	0.001
0.058	0.762	0.179	0.001
>AGTTATAG	17-AGTTATAG	6.914759	-34.495087	0	T:600.0(13.59%),B:4456.7(9.84%),P:1e-14	Tpos:256.4,Tstd:194.3,Bpos:222.0,Bstd:140.5,StrandBias:-0.1,Multiplicity:1.08
0.749	0.041	0.192	0.018
0.007	0.019	0.968	0.006
0.002	0.226	0.028	0.744
0.013	0.114	0.134	0.739
0.995	0.001	0.001	0.003
0.001	0.059	0.001	0.939
0.969	0.025	0.005	0.001
0.001	0.225	0.773	0.001
>GGCTTWGC	18-GGCTTWGC	7.461957	-34.414694	0	T:802.0(18.17%),B:6280.7(13.87%),P:1e-14	Tpos:264.9,Tstd:203.3,Bpos:223.0,Bstd:141.5,StrandBias:0.1,Multiplicity:1.14
0.143	0.012	0.583	0.262
0.014	0.008	0.956	0.022
0.001	0.981	0.001	0.017
0.008	0.001	0.001	0.990
0.005	0.204	0.012	0.779
0.382	0.001	0.181	0.436
0.368	0.006	0.625	0.001
0.001	0.997	0.001	0.001
>TTGTGCGR	19-TTGTGCGR	8.232526	-28.140267	0	T:179.0(4.05%),B:1032.3(2.28%),P:1e-12	Tpos:244.5,Tstd:183.2,Bpos:218.1,Bstd:141.8,StrandBias:-0.2,Multiplicity:1.03
0.297	0.001	0.088	0.614
0.164	0.003	0.042	0.791
0.001	0.001	0.997	0.001
0.001	0.088	0.003	0.908
0.001	0.029	0.969	0.001
0.094	0.904	0.001	0.001
0.301	0.001	0.697	0.001
0.518	0.001	0.442	0.039
>CAGCGCAG	20-CAGCGCAG	7.394118	-27.153556	0	T:415.0(9.40%),B:3002.6(6.63%),P:1e-11	Tpos:274.7,Tstd:219.0,Bpos:212.3,Bstd:146.2,StrandBias:-0.1,Multiplicity:1.07
0.001	0.990	0.001	0.008
0.697	0.001	0.001	0.301
0.051	0.001	0.947	0.001
0.009	0.907	0.081	0.003
0.001	0.070	0.734	0.195
0.001	0.730	0.001	0.268
0.869	0.001	0.001	0.129
0.001	0.001	0.922	0.076
>AATAAGGC	21-AATAAGGC	8.378770	-26.035255	0	T:285.0(6.46%),B:1916.1(4.23%),P:1e-11	Tpos:262.3,Tstd:196.6,Bpos:221.7,Bstd:135.6,StrandBias:-0.1,Multiplicity:1.05
0.895	0.001	0.001	0.103
0.892	0.106	0.001	0.001
0.001	0.264	0.001	0.734
0.997	0.001	0.001	0.001
0.997	0.001	0.001	0.001
0.001	0.001	0.997	0.001
0.001	0.001	0.997	0.001
0.001	0.997	0.001	0.001
>SCACATGG	22-SCACATGG	8.224851	-23.941078	0	T:338.0(7.66%),B:2407.3(5.32%),P:1e-10	Tpos:266.2,Tstd:219.9,Bpos:215.4,Bstd:140.2,StrandBias:-0.0,Multiplicity:1.04
0.001	0.562	0.436	0.001
0.001	0.995	0.003	0.001
0.689	0.143	0.025	0.143
0.001	0.883	0.069	0.047
0.917	0.001	0.081	0.001
0.001	0.263	0.045	0.691
0.001	0.001	0.997	0.001
0.001	0.001	0.733	0.265
>TCCTTGCA	23-TCCTTGCA	4.868443	-20.714240	0	T:580.0(13.14%),B:4656.8(10.29%),P:1e-8	Tpos:260.5,Tstd:194.9,Bpos:217.3,Bstd:141.7,StrandBias:-0.1,Multiplicity:1.07
0.201	0.001	0.073	0.725
0.001	0.997	0.001	0.001
0.001	0.997	0.001	0.001
0.278	0.001	0.001	0.720
0.001	0.001	0.001	0.997
0.001	0.001	0.997	0.001
0.001	0.988	0.010	0.001
0.997	0.001	0.001	0.001
>GTGACTGG	24-GTGACTGG	7.998763	-18.381669	0	T:124.0(2.81%),B:736.2(1.63%),P:1e-7	Tpos:239.9,Tstd:179.2,Bpos:234.5,Bstd:137.6,StrandBias:0.3,Multiplicity:1.02
0.001	0.001	0.997	0.001
0.001	0.054	0.001	0.944
0.001	0.001	0.997	0.001
0.997	0.001	0.001	0.001
0.001	0.997	0.001	0.001
0.001	0.049	0.001	0.949
0.001	0.001	0.997	0.001
0.001	0.001	0.997	0.001
>CCAGKGCY	25-CCAGKGCY	6.380117	-18.055929	0	T:1355.0(30.69%),B:12191.5(26.93%),P:1e-7	Tpos:270.1,Tstd:215.9,Bpos:216.5,Bstd:138.5,StrandBias:0.1,Multiplicity:1.35
0.056	0.942	0.001	0.001
0.202	0.623	0.174	0.001
0.997	0.001	0.001	0.001
0.001	0.150	0.848	0.001
0.001	0.148	0.390	0.460
0.001	0.236	0.762	0.001
0.001	0.634	0.364	0.001
0.172	0.442	0.001	0.385
