>TTTCACTTTC	1-TTTCACTTTC	10.405556	-1729.835218	0	T:699.0(69.90%),B:1752.5(3.58%),P:1e-751	Tpos:337.4,Tstd:207.8,Bpos:325.8,Bstd:204.9,StrandBias:-0.1,Multiplicity:1.16
0.001	0.001	0.001	0.997
0.006	0.001	0.001	0.992
0.001	0.001	0.001	0.997
0.001	0.997	0.001	0.001
0.987	0.001	0.011	0.001
0.015	0.565	0.260	0.160
0.001	0.001	0.001	0.997
0.001	0.001	0.001	0.997
0.001	0.001	0.001	0.997
0.001	0.940	0.001	0.058
>GAAACYGAAA	2-GAAACYGAAA	9.449776	-1450.525563	0	T:780.0(78.00%),B:3987.3(8.15%),P:1e-629	Tpos:344.7,Tstd:216.6,Bpos:325.2,Bstd:206.3,StrandBias:-0.1,Multiplicity:1.22
0.213	0.073	0.684	0.030
0.884	0.026	0.012	0.078
0.935	0.031	0.024	0.010
0.964	0.001	0.016	0.019
0.010	0.539	0.360	0.091
0.170	0.357	0.080	0.393
0.152	0.001	0.841	0.006
0.929	0.046	0.001	0.024
0.923	0.022	0.018	0.037
0.949	0.024	0.001	0.026
>TTTCWCTDBC	3-TTTCWCTDBC	6.547498	-368.589625	0	T:670.0(67.00%),B:12773.1(26.12%),P:1e-160	Tpos:371.6,Tstd:279.4,Bpos:319.9,Bstd:210.3,StrandBias:0.2,Multiplicity:1.30
0.001	0.282	0.126	0.591
0.233	0.162	0.001	0.604
0.122	0.155	0.001	0.722
0.091	0.608	0.079	0.222
0.447	0.246	0.001	0.306
0.001	0.729	0.129	0.141
0.001	0.133	0.001	0.865
0.314	0.091	0.246	0.349
0.115	0.248	0.290	0.348
0.260	0.496	0.069	0.174
>GTGAGAGCAA	4-GTGAGAGCAA	7.559270	-89.044271	0	T:310.0(31.00%),B:7153.8(14.63%),P:1e-38	Tpos:360.0,Tstd:280.4,Bpos:323.8,Bstd:207.2,StrandBias:0.1,Multiplicity:1.20
0.084	0.106	0.720	0.090
0.027	0.001	0.011	0.961
0.064	0.049	0.799	0.088
0.894	0.001	0.045	0.060
0.216	0.012	0.683	0.089
0.792	0.001	0.160	0.047
0.019	0.061	0.851	0.069
0.159	0.729	0.047	0.065
0.751	0.124	0.008	0.117
0.836	0.042	0.026	0.096
>AGAGCAGCAG	5-AGAGCAGCAG	7.327581	-33.087011	0	T:361.0(36.10%),B:12222.0(24.99%),P:1e-14	Tpos:356.8,Tstd:281.5,Bpos:319.6,Bstd:215.0,StrandBias:-0.1,Multiplicity:1.28
0.856	0.007	0.067	0.070
0.127	0.092	0.735	0.046
0.881	0.005	0.064	0.050
0.121	0.037	0.811	0.031
0.086	0.766	0.105	0.043
0.917	0.015	0.005	0.063
0.090	0.050	0.803	0.057
0.153	0.706	0.062	0.079
0.849	0.006	0.001	0.144
0.127	0.124	0.685	0.064
>GAACAGATCT	6-GAACAGATCT	8.069016	-28.980736	0	T:73.0(7.30%),B:1358.2(2.78%),P:1e-12	Tpos:384.6,Tstd:278.6,Bpos:335.8,Bstd:210.0,StrandBias:-0.2,Multiplicity:1.00
0.208	0.129	0.613	0.050
0.618	0.048	0.213	0.121
0.826	0.001	0.172	0.001
0.221	0.634	0.036	0.109
0.549	0.038	0.284	0.129
0.215	0.187	0.511	0.087
0.867	0.012	0.035	0.086
0.262	0.053	0.006	0.679
0.062	0.711	0.226	0.001
0.001	0.208	0.023	0.768
>GGTGGAATAA	7-GGTGGAATAA	9.621208	-27.159995	0	T:57.0(5.70%),B:947.9(1.94%),P:1e-11	Tpos:312.6,Tstd:260.6,Bpos:319.5,Bstd:199.3,StrandBias:0.6,Multiplicity:1.02
0.001	0.079	0.791	0.129
0.135	0.012	0.809	0.044
0.001	0.001	0.001	0.997
0.001	0.001	0.997	0.001
0.129	0.001	0.841	0.029
0.997	0.001	0.001	0.001
0.928	0.001	0.031	0.040
0.189	0.001	0.071	0.739
0.929	0.024	0.046	0.001
0.982	0.001	0.001	0.016
>CCACTCAGMN	8-CCACTCAGMN	6.741175	-25.592592	0	T:328.0(32.80%),B:11429.0(23.37%),P:1e-11	Tpos:385.1,Tstd:278.5,Bpos:321.2,Bstd:211.7,StrandBias:-0.1,Multiplicity:1.27
0.078	0.708	0.096	0.118
0.020	0.856	0.001	0.123
0.734	0.066	0.001	0.199
0.055	0.806	0.138	0.001
0.204	0.071	0.001	0.724
0.131	0.686	0.151	0.032
0.872	0.001	0.017	0.110
0.090	0.009	0.871	0.030
0.382	0.407	0.095	0.115
0.238	0.202	0.337	0.223
>TTTGCTTAGC	9-TTTGCTTAGC	7.531868	-24.611507	0	T:170.0(17.00%),B:4954.5(10.13%),P:1e-10	Tpos:390.7,Tstd:260.5,Bpos:319.0,Bstd:206.5,StrandBias:-0.0,Multiplicity:1.10
0.063	0.062	0.026	0.849
0.068	0.071	0.057	0.804
0.112	0.074	0.037	0.777
0.139	0.080	0.740	0.041
0.086	0.861	0.032	0.021
0.076	0.059	0.014	0.851
0.043	0.078	0.029	0.850
0.811	0.026	0.072	0.091
0.183	0.063	0.709	0.045
0.111	0.755	0.061	0.073
>AGACGTTTGC	10-AGACGTTTGC	7.871811	-23.680768	0	T:61.0(6.10%),B:1156.6(2.37%),P:1e-10	Tpos:360.0,Tstd:289.1,Bpos:324.4,Bstd:205.9,StrandBias:0.3,Multiplicity:1.03
0.824	0.078	0.034	0.064
0.071	0.072	0.766	0.091
0.759	0.023	0.062	0.156
0.032	0.781	0.134	0.053
0.076	0.092	0.790	0.042
0.063	0.170	0.072	0.695
0.067	0.022	0.107	0.804
0.036	0.001	0.052	0.911
0.072	0.067	0.799	0.062
0.046	0.884	0.027	0.043
>VTGATTAATC	11-VTGATTAATC	6.536298	-23.379121	0	T:199.0(19.90%),B:6184.4(12.65%),P:1e-10	Tpos:389.3,Tstd:292.6,Bpos:321.0,Bstd:201.1,StrandBias:0.1,Multiplicity:1.11
0.252	0.391	0.242	0.114
0.199	0.001	0.001	0.799
0.131	0.096	0.582	0.191
0.475	0.161	0.165	0.199
0.001	0.001	0.227	0.771
0.125	0.110	0.001	0.764
0.664	0.022	0.217	0.097
0.602	0.234	0.159	0.005
0.155	0.134	0.079	0.632
0.099	0.576	0.151	0.174
>CTGCCAGGGA	12-CTGCCAGGGA	6.755852	-22.132352	0	T:216.0(21.60%),B:6971.9(14.26%),P:1e-9	Tpos:367.3,Tstd:268.6,Bpos:321.1,Bstd:204.8,StrandBias:-0.0,Multiplicity:1.21
0.055	0.615	0.046	0.284
0.207	0.014	0.001	0.778
0.095	0.138	0.593	0.174
0.194	0.445	0.272	0.089
0.150	0.764	0.018	0.068
0.721	0.001	0.027	0.251
0.113	0.016	0.644	0.227
0.131	0.016	0.568	0.285
0.259	0.101	0.556	0.084
0.560	0.117	0.178	0.145
>TACTATGCTA	13-TACTATGCTA	7.414672	-20.050064	0	T:149.0(14.90%),B:4438.0(9.08%),P:1e-8	Tpos:385.9,Tstd:296.0,Bpos:324.1,Bstd:203.7,StrandBias:0.2,Multiplicity:1.13
0.038	0.050	0.074	0.838
0.761	0.053	0.119	0.067
0.065	0.747	0.051	0.137
0.080	0.144	0.018	0.758
0.712	0.095	0.143	0.050
0.075	0.024	0.038	0.863
0.032	0.064	0.824	0.080
0.046	0.853	0.057	0.044
0.035	0.042	0.089	0.834
0.825	0.069	0.032	0.074
>TAGCAACCAC	14-TAGCAACCAC	7.633516	-19.517922	0	T:120.0(12.00%),B:3362.8(6.88%),P:1e-8	Tpos:361.1,Tstd:262.5,Bpos:324.7,Bstd:204.7,StrandBias:-0.2,Multiplicity:1.05
0.134	0.017	0.014	0.835
0.774	0.001	0.145	0.080
0.022	0.001	0.976	0.001
0.031	0.694	0.027	0.248
0.655	0.022	0.298	0.025
0.909	0.047	0.001	0.043
0.033	0.843	0.123	0.001
0.112	0.882	0.002	0.004
0.766	0.043	0.128	0.063
0.115	0.643	0.182	0.060
>CTGTGTGAAC	15-CTGTGTGAAC	7.486784	-19.270145	0	T:123.0(12.30%),B:3490.1(7.14%),P:1e-8	Tpos:393.3,Tstd:301.6,Bpos:317.2,Bstd:209.4,StrandBias:-0.1,Multiplicity:1.10
0.072	0.848	0.056	0.024
0.088	0.029	0.064	0.819
0.102	0.113	0.718	0.067
0.105	0.069	0.078	0.748
0.068	0.081	0.800	0.051
0.037	0.047	0.103	0.813
0.088	0.098	0.738	0.076
0.850	0.071	0.019	0.060
0.886	0.028	0.065	0.021
0.057	0.792	0.068	0.083
>ACCCCACGTT	16-ACCCCACGTT	10.284914	-19.118663	0	T:18.0(1.80%),B:151.1(0.31%),P:1e-8	Tpos:391.3,Tstd:261.3,Bpos:333.6,Bstd:202.7,StrandBias:0.0,Multiplicity:1.06
0.997	0.001	0.001	0.001
0.001	0.997	0.001	0.001
0.001	0.997	0.001	0.001
0.084	0.914	0.001	0.001
0.001	0.850	0.001	0.148
0.997	0.001	0.001	0.001
0.032	0.586	0.222	0.160
0.030	0.022	0.947	0.001
0.001	0.001	0.001	0.997
0.001	0.001	0.001	0.997
>CGGGGARGAG	17-CGGGGARGAG	9.232611	-17.990053	0	T:56.0(5.60%),B:1187.3(2.43%),P:1e-7	Tpos:403.5,Tstd:304.2,Bpos:326.0,Bstd:205.1,StrandBias:0.2,Multiplicity:1.11
0.082	0.738	0.179	0.001
0.091	0.001	0.907	0.001
0.001	0.001	0.997	0.001
0.001	0.001	0.671	0.327
0.001	0.001	0.914	0.084
0.712	0.001	0.001	0.286
0.310	0.001	0.442	0.247
0.001	0.001	0.904	0.094
0.871	0.001	0.044	0.084
0.001	0.001	0.997	0.001
>TCCCTATAGG	18-TCCCTATAGG	6.432361	-15.137894	0	T:255.0(25.50%),B:9290.0(19.00%),P:1e-6	Tpos:374.0,Tstd:273.9,Bpos:325.8,Bstd:204.7,StrandBias:-0.1,Multiplicity:1.17
0.043	0.045	0.019	0.893
0.060	0.754	0.077	0.109
0.077	0.773	0.039	0.111
0.116	0.804	0.016	0.064
0.018	0.071	0.017	0.894
0.729	0.127	0.055	0.089
0.141	0.105	0.115	0.639
0.778	0.001	0.104	0.117
0.049	0.014	0.911	0.026
0.047	0.007	0.847	0.099
>CATGCTGCAT	19-CATGCTGCAT	7.432614	-13.820485	0	T:172.0(17.20%),B:5871.7(12.01%),P:1e-6	Tpos:379.9,Tstd:263.9,Bpos:321.9,Bstd:209.8,StrandBias:-0.2,Multiplicity:1.14
0.015	0.811	0.033	0.141
0.834	0.047	0.001	0.118
0.108	0.058	0.023	0.811
0.012	0.030	0.912	0.046
0.153	0.723	0.065	0.059
0.137	0.008	0.097	0.758
0.028	0.030	0.832	0.110
0.169	0.693	0.082	0.056
0.831	0.106	0.001	0.062
0.061	0.071	0.055	0.813
>CAGTTCAGTA	20-CAGTTCAGTA	9.982108	-13.133490	0	T:32.0(3.20%),B:606.7(1.24%),P:1e-5	Tpos:326.2,Tstd:236.8,Bpos:310.5,Bstd:206.8,StrandBias:1.0,Multiplicity:1.06
0.001	0.911	0.001	0.087
0.867	0.131	0.001	0.001
0.001	0.001	0.997	0.001
0.001	0.001	0.001	0.997
0.277	0.052	0.060	0.611
0.001	0.954	0.044	0.001
0.786	0.001	0.212	0.001
0.001	0.001	0.928	0.070
0.001	0.001	0.062	0.936
0.997	0.001	0.001	0.001
>AAAGTCCCAG	21-AAAGTCCCAG	10.296193	-10.830526	0	T:11.0(1.10%),B:108.6(0.22%),P:1e-4	Tpos:358.3,Tstd:270.8,Bpos:283.4,Bstd:191.1,StrandBias:-0.8,Multiplicity:1.00
0.700	0.100	0.100	0.100
0.700	0.100	0.100	0.100
0.700	0.100	0.100	0.100
0.100	0.100	0.700	0.100
0.100	0.100	0.100	0.700
0.100	0.700	0.100	0.100
0.100	0.700	0.100	0.100
0.100	0.700	0.100	0.100
0.700	0.100	0.100	0.100
0.100	0.100	0.700	0.100
