>ACTTTCACTTTC	1-ACTTTCACTTTC	9.833813	-2211.113854	0	T:738.0(73.80%),B:1136.7(2.32%),P:1e-960	Tpos:336.2,Tstd:203.2,Bpos:329.5,Bstd:204.9,StrandBias:-0.0,Multiplicity:1.19
0.777	0.060	0.097	0.066
0.015	0.809	0.154	0.022
0.005	0.002	0.001	0.992
0.001	0.001	0.001	0.997
0.001	0.002	0.001	0.996
0.001	0.990	0.001	0.008
0.961	0.007	0.003	0.029
0.010	0.770	0.095	0.125
0.001	0.001	0.001	0.997
0.001	0.001	0.001	0.997
0.001	0.006	0.001	0.992
0.005	0.947	0.015	0.033
>RSTTTCASTTTC	2-RSTTTCASTTTC	9.699569	-2131.616470	0	T:872.0(87.20%),B:2770.8(5.67%),P:1e-925	Tpos:344.8,Tstd:225.8,Bpos:322.4,Bstd:201.8,StrandBias:-0.0,Multiplicity:1.20
0.457	0.089	0.333	0.120
0.001	0.461	0.537	0.001
0.032	0.001	0.017	0.950
0.048	0.009	0.001	0.942
0.001	0.051	0.042	0.906
0.001	0.792	0.074	0.133
0.578	0.024	0.277	0.121
0.054	0.353	0.426	0.167
0.001	0.001	0.001	0.997
0.001	0.025	0.001	0.973
0.001	0.031	0.001	0.967
0.048	0.667	0.047	0.238
>AGAAGTGAAACT	3-AGAAGTGAAACT	12.804912	-69.292625	0	T:38.0(3.80%),B:129.0(0.26%),P:1e-30	Tpos:336.7,Tstd:214.9,Bpos:320.8,Bstd:212.2,StrandBias:-0.1,Multiplicity:1.00
0.997	0.001	0.001	0.001
0.001	0.001	0.997	0.001
0.997	0.001	0.001	0.001
0.997	0.001	0.001	0.001
0.391	0.036	0.572	0.001
0.001	0.001	0.048	0.950
0.031	0.001	0.967	0.001
0.997	0.001	0.001	0.001
0.997	0.001	0.001	0.001
0.997	0.001	0.001	0.001
0.001	0.672	0.278	0.049
0.001	0.001	0.001	0.997
>TTTGCTTTAGGC	4-TTTGCTTTAGGC	13.546944	-33.426020	0	T:13.0(1.30%),B:22.6(0.05%),P:1e-14	Tpos:214.2,Tstd:153.9,Bpos:420.8,Bstd:209.8,StrandBias:0.2,Multiplicity:1.00
0.001	0.001	0.001	0.997
0.001	0.001	0.001	0.997
0.134	0.001	0.001	0.864
0.111	0.001	0.887	0.001
0.001	0.650	0.089	0.260
0.001	0.001	0.001	0.997
0.001	0.134	0.001	0.864
0.001	0.001	0.001	0.997
0.997	0.001	0.001	0.001
0.001	0.134	0.864	0.001
0.001	0.001	0.997	0.001
0.001	0.997	0.001	0.001
>TTTCCCCAGCCA	5-TTTCCCCAGCCA	9.318979	-32.281508	0	T:83.0(8.30%),B:1560.3(3.19%),P:1e-14	Tpos:313.5,Tstd:226.4,Bpos:326.7,Bstd:203.0,StrandBias:0.1,Multiplicity:1.04
0.001	0.038	0.001	0.960
0.043	0.071	0.034	0.852
0.018	0.093	0.089	0.800
0.033	0.750	0.136	0.081
0.127	0.780	0.001	0.092
0.033	0.839	0.040	0.088
0.125	0.704	0.001	0.170
0.933	0.001	0.014	0.052
0.104	0.016	0.781	0.099
0.015	0.937	0.047	0.001
0.110	0.797	0.033	0.060
0.871	0.001	0.035	0.093
>ATCACCTTCCTT	6-ATCACCTTCCTT	10.079607	-32.157115	0	T:81.0(8.10%),B:1504.2(3.08%),P:1e-13	Tpos:325.7,Tstd:235.3,Bpos:337.3,Bstd:215.1,StrandBias:0.5,Multiplicity:1.05
0.718	0.056	0.090	0.136
0.001	0.068	0.042	0.889
0.141	0.593	0.121	0.145
0.736	0.045	0.001	0.218
0.001	0.719	0.152	0.128
0.001	0.855	0.001	0.143
0.001	0.067	0.001	0.931
0.090	0.053	0.001	0.856
0.001	0.899	0.001	0.099
0.090	0.833	0.001	0.076
0.001	0.001	0.001	0.997
0.001	0.001	0.001	0.997
>GTCCTGCCTTCT	7-GTCCTGCCTTCT	12.748870	-30.056053	0	T:18.0(1.80%),B:76.3(0.16%),P:1e-13	Tpos:453.5,Tstd:325.7,Bpos:305.7,Bstd:188.4,StrandBias:0.7,Multiplicity:1.00
0.070	0.057	0.872	0.001
0.163	0.065	0.136	0.636
0.001	0.917	0.001	0.081
0.162	0.836	0.001	0.001
0.001	0.001	0.001	0.997
0.001	0.001	0.997	0.001
0.001	0.997	0.001	0.001
0.001	0.899	0.001	0.099
0.001	0.001	0.001	0.997
0.001	0.001	0.001	0.997
0.001	0.997	0.001	0.001
0.001	0.162	0.001	0.836
>ATAGCTTACCTC	8-ATAGCTTACCTC	9.366130	-28.742305	0	T:52.0(5.20%),B:777.7(1.59%),P:1e-12	Tpos:306.6,Tstd:199.2,Bpos:330.6,Bstd:206.7,StrandBias:-0.1,Multiplicity:1.06
0.883	0.042	0.001	0.074
0.058	0.069	0.104	0.769
0.882	0.042	0.075	0.001
0.001	0.028	0.810	0.161
0.067	0.728	0.063	0.142
0.001	0.069	0.042	0.888
0.001	0.143	0.045	0.811
0.794	0.001	0.042	0.163
0.183	0.759	0.001	0.057
0.001	0.911	0.001	0.087
0.019	0.074	0.001	0.906
0.001	0.865	0.073	0.061
>GTTAATGATTTG	9-GTTAATGATTTG	11.146341	-27.351059	0	T:25.0(2.50%),B:196.9(0.40%),P:1e-11	Tpos:394.1,Tstd:303.3,Bpos:326.9,Bstd:201.6,StrandBias:-0.3,Multiplicity:1.08
0.001	0.079	0.841	0.079
0.001	0.114	0.001	0.884
0.064	0.001	0.001	0.934
0.869	0.129	0.001	0.001
0.872	0.001	0.126	0.001
0.070	0.001	0.001	0.928
0.201	0.204	0.594	0.001
0.739	0.001	0.259	0.001
0.189	0.107	0.001	0.703
0.001	0.001	0.001	0.997
0.280	0.001	0.001	0.718
0.258	0.001	0.740	0.001
>GCTTGAGTAAAC	10-GCTTGAGTAAAC	9.623186	-26.873486	0	T:44.0(4.40%),B:611.1(1.25%),P:1e-11	Tpos:298.0,Tstd:279.4,Bpos:330.0,Bstd:201.9,StrandBias:0.5,Multiplicity:1.00
0.163	0.038	0.724	0.075
0.045	0.821	0.068	0.066
0.030	0.075	0.001	0.894
0.072	0.001	0.045	0.882
0.045	0.058	0.807	0.090
0.969	0.001	0.001	0.029
0.001	0.090	0.827	0.082
0.084	0.033	0.088	0.795
0.747	0.090	0.118	0.045
0.943	0.011	0.045	0.001
0.819	0.001	0.179	0.001
0.098	0.778	0.123	0.001
>CATCTGCTCTTA	11-CATCTGCTCTTA	10.403096	-25.894263	0	T:46.0(4.60%),B:681.9(1.39%),P:1e-11	Tpos:340.3,Tstd:256.8,Bpos:328.6,Bstd:211.3,StrandBias:0.8,Multiplicity:1.02
0.083	0.793	0.001	0.123
0.873	0.001	0.001	0.125
0.001	0.001	0.160	0.838
0.001	0.899	0.099	0.001
0.034	0.001	0.001	0.964
0.112	0.001	0.807	0.080
0.001	0.615	0.185	0.199
0.068	0.001	0.001	0.930
0.006	0.813	0.159	0.022
0.001	0.001	0.001	0.997
0.070	0.127	0.073	0.730
0.738	0.064	0.086	0.112
>AGCWGCTTTCTC	12-AGCWGCTTTCTC	9.975949	-23.979810	0	T:63.0(6.30%),B:1207.5(2.47%),P:1e-10	Tpos:414.2,Tstd:265.9,Bpos:325.8,Bstd:219.7,StrandBias:0.3,Multiplicity:1.05
0.588	0.001	0.248	0.163
0.082	0.027	0.890	0.001
0.001	0.783	0.002	0.214
0.448	0.001	0.001	0.550
0.059	0.001	0.736	0.204
0.001	0.935	0.001	0.063
0.001	0.218	0.001	0.780
0.124	0.001	0.001	0.874
0.075	0.092	0.001	0.832
0.001	0.922	0.076	0.001
0.089	0.108	0.001	0.802
0.100	0.652	0.188	0.060
>AGCTAAGTGAAA	13-AGCTAAGTGAAA	12.742836	-22.388585	0	T:24.0(2.40%),B:229.5(0.47%),P:1e-9	Tpos:349.6,Tstd:289.2,Bpos:324.5,Bstd:197.6,StrandBias:0.4,Multiplicity:1.00
0.673	0.068	0.072	0.187
0.001	0.001	0.997	0.001
0.001	0.843	0.095	0.061
0.001	0.001	0.001	0.997
0.860	0.001	0.052	0.087
0.997	0.001	0.001	0.001
0.080	0.001	0.918	0.001
0.001	0.001	0.001	0.997
0.064	0.087	0.848	0.001
0.997	0.001	0.001	0.001
0.997	0.001	0.001	0.001
0.904	0.001	0.094	0.001
>GAGTAGGAGTAG	14-GAGTAGGAGTAG	12.734957	-20.703931	0	T:13.0(1.30%),B:62.9(0.13%),P:1e-8	Tpos:260.6,Tstd:161.3,Bpos:314.7,Bstd:259.2,StrandBias:0.4,Multiplicity:1.08
0.001	0.145	0.853	0.001
0.997	0.001	0.001	0.001
0.001	0.001	0.997	0.001
0.066	0.224	0.001	0.709
0.997	0.001	0.001	0.001
0.145	0.001	0.853	0.001
0.001	0.001	0.997	0.001
0.997	0.001	0.001	0.001
0.106	0.001	0.892	0.001
0.001	0.097	0.066	0.836
0.997	0.001	0.001	0.001
0.001	0.001	0.997	0.001
>ACTGCAGGTAAC	15-ACTGCAGGTAAC	10.149932	-20.493819	0	T:29.0(2.90%),B:363.5(0.74%),P:1e-8	Tpos:297.9,Tstd:202.0,Bpos:324.6,Bstd:204.9,StrandBias:1.0,Multiplicity:1.03
0.950	0.001	0.001	0.048
0.001	0.849	0.001	0.149
0.066	0.133	0.001	0.800
0.001	0.001	0.997	0.001
0.066	0.867	0.001	0.066
0.932	0.001	0.066	0.001
0.066	0.001	0.826	0.107
0.001	0.178	0.731	0.090
0.103	0.067	0.095	0.735
0.799	0.199	0.001	0.001
0.761	0.001	0.071	0.167
0.001	0.751	0.060	0.188
>CATGAGGTTTAA	16-CATGAGGTTTAA	9.472024	-20.227946	0	T:57.0(5.70%),B:1142.3(2.34%),P:1e-8	Tpos:299.9,Tstd:192.2,Bpos:320.1,Bstd:205.7,StrandBias:-0.4,Multiplicity:1.04
0.072	0.857	0.043	0.028
0.934	0.045	0.001	0.020
0.075	0.001	0.032	0.892
0.062	0.085	0.767	0.086
0.839	0.013	0.086	0.062
0.069	0.016	0.871	0.044
0.120	0.058	0.704	0.118
0.142	0.070	0.052	0.736
0.027	0.065	0.047	0.861
0.073	0.045	0.051	0.831
0.840	0.036	0.083	0.041
0.875	0.027	0.018	0.080
>TCCCCTTTACCT	17-TCCCCTTTACCT	10.056338	-20.171305	0	T:51.0(5.10%),B:962.8(1.97%),P:1e-8	Tpos:342.6,Tstd:221.4,Bpos:315.2,Bstd:203.2,StrandBias:0.4,Multiplicity:1.00
0.135	0.087	0.001	0.777
0.001	0.997	0.001	0.001
0.086	0.811	0.001	0.102
0.001	0.811	0.087	0.101
0.044	0.871	0.001	0.084
0.063	0.001	0.001	0.935
0.040	0.282	0.101	0.577
0.005	0.059	0.001	0.935
0.835	0.002	0.001	0.162
0.047	0.814	0.138	0.001
0.001	0.893	0.087	0.019
0.163	0.001	0.001	0.835
>TATCTCTCACTC	18-TATCTCTCACTC	9.493654	-19.545168	0	T:96.0(9.60%),B:2480.7(5.07%),P:1e-8	Tpos:447.1,Tstd:377.0,Bpos:332.4,Bstd:221.0,StrandBias:-0.4,Multiplicity:1.18
0.048	0.039	0.127	0.786
0.682	0.135	0.092	0.091
0.025	0.031	0.100	0.844
0.041	0.822	0.096	0.041
0.038	0.056	0.001	0.905
0.021	0.962	0.009	0.008
0.044	0.067	0.025	0.864
0.072	0.768	0.065	0.095
0.792	0.066	0.021	0.121
0.045	0.866	0.077	0.012
0.037	0.058	0.001	0.904
0.025	0.817	0.092	0.066
>GATGTATGGGCA	19-GATGTATGGGCA	11.294014	-18.996229	0	T:9.0(0.90%),B:26.9(0.06%),P:1e-8	Tpos:169.6,Tstd:81.1,Bpos:347.3,Bstd:173.7,StrandBias:-1.8,Multiplicity:1.00
0.001	0.001	0.997	0.001
0.997	0.001	0.001	0.001
0.001	0.001	0.001	0.997
0.165	0.001	0.804	0.030
0.001	0.001	0.001	0.997
0.997	0.001	0.001	0.001
0.001	0.001	0.001	0.997
0.001	0.157	0.841	0.001
0.001	0.001	0.997	0.001
0.195	0.001	0.803	0.001
0.001	0.997	0.001	0.001
0.997	0.001	0.001	0.001
>GATGACTCACAG	20-GATGACTCACAG	8.739442	-18.632911	0	T:76.0(7.60%),B:1823.3(3.73%),P:1e-8	Tpos:331.8,Tstd:232.3,Bpos:323.9,Bstd:213.1,StrandBias:0.8,Multiplicity:1.04
0.046	0.103	0.725	0.126
0.859	0.041	0.065	0.035
0.068	0.001	0.001	0.930
0.117	0.061	0.819	0.003
0.787	0.060	0.082	0.071
0.090	0.717	0.091	0.102
0.101	0.063	0.001	0.835
0.041	0.909	0.025	0.025
0.917	0.030	0.001	0.052
0.016	0.811	0.090	0.083
0.934	0.001	0.001	0.064
0.065	0.098	0.764	0.073
>TTTCCATGGCAG	21-TTTCCATGGCAG	9.116217	-17.417204	0	T:82.0(8.20%),B:2089.1(4.27%),P:1e-7	Tpos:336.8,Tstd:249.8,Bpos:321.6,Bstd:205.4,StrandBias:-0.8,Multiplicity:1.01
0.035	0.094	0.001	0.870
0.028	0.078	0.134	0.760
0.016	0.041	0.050	0.893
0.110	0.691	0.096	0.103
0.031	0.876	0.001	0.092
0.805	0.086	0.015	0.094
0.042	0.014	0.073	0.871
0.068	0.049	0.794	0.089
0.038	0.041	0.877	0.044
0.048	0.827	0.091	0.034
0.892	0.017	0.001	0.090
0.032	0.034	0.850	0.084
>TGTCCAAGGGAA	22-TGTCCAAGGGAA	12.355432	-16.003149	0	T:4.0(0.40%),B:2.5(0.01%),P:1e-6	Tpos:262.8,Tstd:152.7,Bpos:324.4,Bstd:180.3,StrandBias:0.0,Multiplicity:1.00
0.100	0.100	0.100	0.700
0.100	0.100	0.700	0.100
0.100	0.100	0.100	0.700
0.100	0.700	0.100	0.100
0.100	0.700	0.100	0.100
0.700	0.100	0.100	0.100
0.700	0.100	0.100	0.100
0.100	0.100	0.700	0.100
0.100	0.100	0.700	0.100
0.100	0.100	0.700	0.100
0.700	0.100	0.100	0.100
0.700	0.100	0.100	0.100
>TGACCAGCAAAG	23-TGACCAGCAAAG	10.598263	-14.624029	0	T:22.0(2.20%),B:298.3(0.61%),P:1e-6	Tpos:362.7,Tstd:230.5,Bpos:322.5,Bstd:193.3,StrandBias:-0.3,Multiplicity:1.00
0.001	0.001	0.063	0.935
0.083	0.119	0.692	0.106
0.715	0.199	0.039	0.047
0.136	0.765	0.050	0.049
0.075	0.923	0.001	0.001
0.876	0.001	0.001	0.122
0.029	0.001	0.928	0.042
0.097	0.785	0.055	0.063
0.753	0.073	0.127	0.047
0.879	0.003	0.079	0.039
0.970	0.001	0.001	0.028
0.095	0.053	0.789	0.063
>AGTGGTTAGCAA	24-AGTGGTTAGCAA	8.463612	-10.937460	0	T:88.0(8.80%),B:2707.3(5.54%),P:1e-4	Tpos:388.7,Tstd:278.1,Bpos:331.4,Bstd:209.0,StrandBias:0.0,Multiplicity:1.06
0.700	0.100	0.100	0.100
0.100	0.100	0.700	0.100
0.100	0.100	0.100	0.700
0.100	0.100	0.700	0.100
0.100	0.100	0.700	0.100
0.100	0.100	0.100	0.700
0.100	0.100	0.100	0.700
0.700	0.100	0.100	0.100
0.100	0.100	0.700	0.100
0.100	0.700	0.100	0.100
0.700	0.100	0.100	0.100
0.700	0.100	0.100	0.100
>CCTAGAGAGGCA	25-CCTAGAGAGGCA	5.821562	-10.063488	0	T:128.0(12.80%),B:4405.0(9.01%),P:1e-4	Tpos:354.6,Tstd:250.1,Bpos:322.8,Bstd:208.3,StrandBias:0.1,Multiplicity:1.05
0.334	0.645	0.020	0.001
0.018	0.668	0.255	0.059
0.047	0.047	0.276	0.630
0.854	0.103	0.001	0.042
0.001	0.001	0.997	0.001
0.971	0.001	0.027	0.001
0.001	0.001	0.997	0.001
0.997	0.001	0.001	0.001
0.028	0.056	0.895	0.021
0.001	0.217	0.781	0.001
0.068	0.930	0.001	0.001
0.997	0.001	0.001	0.001
