>TTTCACTTTC	1-TTTCACTTTC	10.405556	-1729.835218	0	T:699.0(69.90%),B:1752.5(3.58%),P:1e-751	Tpos:337.4,Tstd:207.8,Bpos:325.8,Bstd:204.9,StrandBias:-0.1,Multiplicity:1.16
0.001	0.001	0.001	0.997
0.006	0.001	0.001	0.992
0.001	0.001	0.001	0.997
0.001	0.997	0.001	0.001
0.987	0.001	0.011	0.001
0.015	0.565	0.260	0.160
0.001	0.001	0.001	0.997
0.001	0.001	0.001	0.997
0.001	0.001	0.001	0.997
0.001	0.940	0.001	0.058
>GAAACYGAAA	2-GAAACYGAAA	9.449776	-1450.525563	0	T:780.0(78.00%),B:3987.3(8.15%),P:1e-629	Tpos:344.7,Tstd:216.6,Bpos:325.2,Bstd:206.3,StrandBias:-0.1,Multiplicity:1.22
0.213	0.073	0.684	0.030
0.884	0.026	0.012	0.078
0.935	0.031	0.024	0.010
0.964	0.001	0.016	0.019
0.010	0.539	0.360	0.091
0.170	0.357	0.080	0.393
0.152	0.001	0.841	0.006
0.929	0.046	0.001	0.024
0.923	0.022	0.018	0.037
0.949	0.024	0.001	0.026
>TTTCWCTDBC	3-TTTCWCTDBC	6.547498	-368.589625	0	T:670.0(67.00%),B:12773.1(26.12%),P:1e-160	Tpos:371.6,Tstd:279.4,Bpos:319.9,Bstd:210.3,StrandBias:0.2,Multiplicity:1.30
0.001	0.282	0.126	0.591
0.233	0.162	0.001	0.604
0.122	0.155	0.001	0.722
0.091	0.608	0.079	0.222
0.447	0.246	0.001	0.306
0.001	0.729	0.129	0.141
0.001	0.133	0.001	0.865
0.314	0.091	0.246	0.349
0.115	0.248	0.290	0.348
0.260	0.496	0.069	0.174
>GTGAGAGCAA	4-GTGAGAGCAA	7.559270	-89.044271	0	T:310.0(31.00%),B:7153.8(14.63%),P:1e-38	Tpos:360.0,Tstd:280.4,Bpos:323.8,Bstd:207.2,StrandBias:0.1,Multiplicity:1.20
0.084	0.106	0.720	0.090
0.027	0.001	0.011	0.961
0.064	0.049	0.799	0.088
0.894	0.001	0.045	0.060
0.216	0.012	0.683	0.089
0.792	0.001	0.160	0.047
0.019	0.061	0.851	0.069
0.159	0.729	0.047	0.065
0.751	0.124	0.008	0.117
0.836	0.042	0.026	0.096
>AGAGCAGCAG	5-AGAGCAGCAG	7.327581	-33.087011	0	T:361.0(36.10%),B:12222.0(24.99%),P:1e-14	Tpos:356.8,Tstd:281.5,Bpos:319.6,Bstd:215.0,StrandBias:-0.1,Multiplicity:1.28
0.856	0.007	0.067	0.070
0.127	0.092	0.735	0.046
0.881	0.005	0.064	0.050
0.121	0.037	0.811	0.031
0.086	0.766	0.105	0.043
0.917	0.015	0.005	0.063
0.090	0.050	0.803	0.057
0.153	0.706	0.062	0.079
0.849	0.006	0.001	0.144
0.127	0.124	0.685	0.064
>GAACAGATCT	6-GAACAGATCT	8.069016	-28.980736	0	T:73.0(7.30%),B:1358.2(2.78%),P:1e-12	Tpos:384.6,Tstd:278.6,Bpos:335.8,Bstd:210.0,StrandBias:-0.2,Multiplicity:1.00
0.208	0.129	0.613	0.050
0.618	0.048	0.213	0.121
0.826	0.001	0.172	0.001
0.221	0.634	0.036	0.109
0.549	0.038	0.284	0.129
0.215	0.187	0.511	0.087
0.867	0.012	0.035	0.086
0.262	0.053	0.006	0.679
0.062	0.711	0.226	0.001
0.001	0.208	0.023	0.768
>GGTGGAATAA	7-GGTGGAATAA	9.621208	-27.159995	0	T:57.0(5.70%),B:947.9(1.94%),P:1e-11	Tpos:312.6,Tstd:260.6,Bpos:319.5,Bstd:199.3,StrandBias:0.6,Multiplicity:1.02
0.001	0.079	0.791	0.129
0.135	0.012	0.809	0.044
0.001	0.001	0.001	0.997
0.001	0.001	0.997	0.001
0.129	0.001	0.841	0.029
0.997	0.001	0.001	0.001
0.928	0.001	0.031	0.040
0.189	0.001	0.071	0.739
0.929	0.024	0.046	0.001
0.982	0.001	0.001	0.016
>CCACTCAGMN	8-CCACTCAGMN	6.741175	-25.592592	0	T:328.0(32.80%),B:11429.0(23.37%),P:1e-11	Tpos:385.1,Tstd:278.5,Bpos:321.2,Bstd:211.7,StrandBias:-0.1,Multiplicity:1.27
0.078	0.708	0.096	0.118
0.020	0.856	0.001	0.123
0.734	0.066	0.001	0.199
0.055	0.806	0.138	0.001
0.204	0.071	0.001	0.724
0.131	0.686	0.151	0.032
0.872	0.001	0.017	0.110
0.090	0.009	0.871	0.030
0.382	0.407	0.095	0.115
0.238	0.202	0.337	0.223
>TTTGCTTAGC	9-TTTGCTTAGC	7.531868	-24.611507	0	T:170.0(17.00%),B:4954.5(10.13%),P:1e-10	Tpos:390.7,Tstd:260.5,Bpos:319.0,Bstd:206.5,StrandBias:-0.0,Multiplicity:1.10
0.063	0.062	0.026	0.849
0.068	0.071	0.057	0.804
0.112	0.074	0.037	0.777
0.139	0.080	0.740	0.041
0.086	0.861	0.032	0.021
0.076	0.059	0.014	0.851
0.043	0.078	0.029	0.850
0.811	0.026	0.072	0.091
0.183	0.063	0.709	0.045
0.111	0.755	0.061	0.073
>AGACGTTTGC	10-AGACGTTTGC	7.871811	-23.680768	0	T:61.0(6.10%),B:1156.6(2.37%),P:1e-10	Tpos:360.0,Tstd:289.1,Bpos:324.4,Bstd:205.9,StrandBias:0.3,Multiplicity:1.03
0.824	0.078	0.034	0.064
0.071	0.072	0.766	0.091
0.759	0.023	0.062	0.156
0.032	0.781	0.134	0.053
0.076	0.092	0.790	0.042
0.063	0.170	0.072	0.695
0.067	0.022	0.107	0.804
0.036	0.001	0.052	0.911
0.072	0.067	0.799	0.062
0.046	0.884	0.027	0.043
>VTGATTAATC	11-VTGATTAATC	6.536298	-23.379121	0	T:199.0(19.90%),B:6184.4(12.65%),P:1e-10	Tpos:389.3,Tstd:292.6,Bpos:321.0,Bstd:201.1,StrandBias:0.1,Multiplicity:1.11
0.252	0.391	0.242	0.114
0.199	0.001	0.001	0.799
0.131	0.096	0.582	0.191
0.475	0.161	0.165	0.199
0.001	0.001	0.227	0.771
0.125	0.110	0.001	0.764
0.664	0.022	0.217	0.097
0.602	0.234	0.159	0.005
0.155	0.134	0.079	0.632
0.099	0.576	0.151	0.174
>CTGCCAGGGA	12-CTGCCAGGGA	6.755852	-22.132352	0	T:216.0(21.60%),B:6971.9(14.26%),P:1e-9	Tpos:367.3,Tstd:268.6,Bpos:321.1,Bstd:204.8,StrandBias:-0.0,Multiplicity:1.21
0.055	0.615	0.046	0.284
0.207	0.014	0.001	0.778
0.095	0.138	0.593	0.174
0.194	0.445	0.272	0.089
0.150	0.764	0.018	0.068
0.721	0.001	0.027	0.251
0.113	0.016	0.644	0.227
0.131	0.016	0.568	0.285
0.259	0.101	0.556	0.084
0.560	0.117	0.178	0.145
>TACTATGCTA	13-TACTATGCTA	7.414672	-20.050064	0	T:149.0(14.90%),B:4438.0(9.08%),P:1e-8	Tpos:385.9,Tstd:296.0,Bpos:324.1,Bstd:203.7,StrandBias:0.2,Multiplicity:1.13
0.038	0.050	0.074	0.838
0.761	0.053	0.119	0.067
0.065	0.747	0.051	0.137
0.080	0.144	0.018	0.758
0.712	0.095	0.143	0.050
0.075	0.024	0.038	0.863
0.032	0.064	0.824	0.080
0.046	0.853	0.057	0.044
0.035	0.042	0.089	0.834
0.825	0.069	0.032	0.074
>TAGCAACCAC	14-TAGCAACCAC	7.633516	-19.517922	0	T:120.0(12.00%),B:3362.8(6.88%),P:1e-8	Tpos:361.1,Tstd:262.5,Bpos:324.7,Bstd:204.7,StrandBias:-0.2,Multiplicity:1.05
0.134	0.017	0.014	0.835
0.774	0.001	0.145	0.080
0.022	0.001	0.976	0.001
0.031	0.694	0.027	0.248
0.655	0.022	0.298	0.025
0.909	0.047	0.001	0.043
0.033	0.843	0.123	0.001
0.112	0.882	0.002	0.004
0.766	0.043	0.128	0.063
0.115	0.643	0.182	0.060
>CTGTGTGAAC	15-CTGTGTGAAC	7.486784	-19.270145	0	T:123.0(12.30%),B:3490.1(7.14%),P:1e-8	Tpos:393.3,Tstd:301.6,Bpos:317.2,Bstd:209.4,StrandBias:-0.1,Multiplicity:1.10
0.072	0.848	0.056	0.024
0.088	0.029	0.064	0.819
0.102	0.113	0.718	0.067
0.105	0.069	0.078	0.748
0.068	0.081	0.800	0.051
0.037	0.047	0.103	0.813
0.088	0.098	0.738	0.076
0.850	0.071	0.019	0.060
0.886	0.028	0.065	0.021
0.057	0.792	0.068	0.083
>ACCCCACGTT	16-ACCCCACGTT	10.284914	-19.118663	0	T:18.0(1.80%),B:151.1(0.31%),P:1e-8	Tpos:391.3,Tstd:261.3,Bpos:333.6,Bstd:202.7,StrandBias:0.0,Multiplicity:1.06
0.997	0.001	0.001	0.001
0.001	0.997	0.001	0.001
0.001	0.997	0.001	0.001
0.084	0.914	0.001	0.001
0.001	0.850	0.001	0.148
0.997	0.001	0.001	0.001
0.032	0.586	0.222	0.160
0.030	0.022	0.947	0.001
0.001	0.001	0.001	0.997
0.001	0.001	0.001	0.997
>CGGGGARGAG	17-CGGGGARGAG	9.232611	-17.990053	0	T:56.0(5.60%),B:1187.3(2.43%),P:1e-7	Tpos:403.5,Tstd:304.2,Bpos:326.0,Bstd:205.1,StrandBias:0.2,Multiplicity:1.11
0.082	0.738	0.179	0.001
0.091	0.001	0.907	0.001
0.001	0.001	0.997	0.001
0.001	0.001	0.671	0.327
0.001	0.001	0.914	0.084
0.712	0.001	0.001	0.286
0.310	0.001	0.442	0.247
0.001	0.001	0.904	0.094
0.871	0.001	0.044	0.084
0.001	0.001	0.997	0.001
>TCCCTATAGG	18-TCCCTATAGG	6.432361	-15.137894	0	T:255.0(25.50%),B:9290.0(19.00%),P:1e-6	Tpos:374.0,Tstd:273.9,Bpos:325.8,Bstd:204.7,StrandBias:-0.1,Multiplicity:1.17
0.043	0.045	0.019	0.893
0.060	0.754	0.077	0.109
0.077	0.773	0.039	0.111
0.116	0.804	0.016	0.064
0.018	0.071	0.017	0.894
0.729	0.127	0.055	0.089
0.141	0.105	0.115	0.639
0.778	0.001	0.104	0.117
0.049	0.014	0.911	0.026
0.047	0.007	0.847	0.099
>CATGCTGCAT	19-CATGCTGCAT	7.432614	-13.820485	0	T:172.0(17.20%),B:5871.7(12.01%),P:1e-6	Tpos:379.9,Tstd:263.9,Bpos:321.9,Bstd:209.8,StrandBias:-0.2,Multiplicity:1.14
0.015	0.811	0.033	0.141
0.834	0.047	0.001	0.118
0.108	0.058	0.023	0.811
0.012	0.030	0.912	0.046
0.153	0.723	0.065	0.059
0.137	0.008	0.097	0.758
0.028	0.030	0.832	0.110
0.169	0.693	0.082	0.056
0.831	0.106	0.001	0.062
0.061	0.071	0.055	0.813
>CAGTTCAGTA	20-CAGTTCAGTA	9.982108	-13.133490	0	T:32.0(3.20%),B:606.7(1.24%),P:1e-5	Tpos:326.2,Tstd:236.8,Bpos:310.5,Bstd:206.8,StrandBias:1.0,Multiplicity:1.06
0.001	0.911	0.001	0.087
0.867	0.131	0.001	0.001
0.001	0.001	0.997	0.001
0.001	0.001	0.001	0.997
0.277	0.052	0.060	0.611
0.001	0.954	0.044	0.001
0.786	0.001	0.212	0.001
0.001	0.001	0.928	0.070
0.001	0.001	0.062	0.936
0.997	0.001	0.001	0.001
>AAAGTCCCAG	21-AAAGTCCCAG	10.296193	-10.830526	0	T:11.0(1.10%),B:108.6(0.22%),P:1e-4	Tpos:358.3,Tstd:270.8,Bpos:283.4,Bstd:191.1,StrandBias:-0.8,Multiplicity:1.00
0.700	0.100	0.100	0.100
0.700	0.100	0.100	0.100
0.700	0.100	0.100	0.100
0.100	0.100	0.700	0.100
0.100	0.100	0.100	0.700
0.100	0.700	0.100	0.100
0.100	0.700	0.100	0.100
0.100	0.700	0.100	0.100
0.700	0.100	0.100	0.100
0.100	0.100	0.700	0.100
>ACTTTCACTTTC	1-ACTTTCACTTTC	9.833813	-2211.113854	0	T:738.0(73.80%),B:1136.7(2.32%),P:1e-960	Tpos:336.2,Tstd:203.2,Bpos:329.5,Bstd:204.9,StrandBias:-0.0,Multiplicity:1.19
0.777	0.060	0.097	0.066
0.015	0.809	0.154	0.022
0.005	0.002	0.001	0.992
0.001	0.001	0.001	0.997
0.001	0.002	0.001	0.996
0.001	0.990	0.001	0.008
0.961	0.007	0.003	0.029
0.010	0.770	0.095	0.125
0.001	0.001	0.001	0.997
0.001	0.001	0.001	0.997
0.001	0.006	0.001	0.992
0.005	0.947	0.015	0.033
>RSTTTCASTTTC	2-RSTTTCASTTTC	9.699569	-2131.616470	0	T:872.0(87.20%),B:2770.8(5.67%),P:1e-925	Tpos:344.8,Tstd:225.8,Bpos:322.4,Bstd:201.8,StrandBias:-0.0,Multiplicity:1.20
0.457	0.089	0.333	0.120
0.001	0.461	0.537	0.001
0.032	0.001	0.017	0.950
0.048	0.009	0.001	0.942
0.001	0.051	0.042	0.906
0.001	0.792	0.074	0.133
0.578	0.024	0.277	0.121
0.054	0.353	0.426	0.167
0.001	0.001	0.001	0.997
0.001	0.025	0.001	0.973
0.001	0.031	0.001	0.967
0.048	0.667	0.047	0.238
>AGAAGTGAAACT	3-AGAAGTGAAACT	12.804912	-69.292625	0	T:38.0(3.80%),B:129.0(0.26%),P:1e-30	Tpos:336.7,Tstd:214.9,Bpos:320.8,Bstd:212.2,StrandBias:-0.1,Multiplicity:1.00
0.997	0.001	0.001	0.001
0.001	0.001	0.997	0.001
0.997	0.001	0.001	0.001
0.997	0.001	0.001	0.001
0.391	0.036	0.572	0.001
0.001	0.001	0.048	0.950
0.031	0.001	0.967	0.001
0.997	0.001	0.001	0.001
0.997	0.001	0.001	0.001
0.997	0.001	0.001	0.001
0.001	0.672	0.278	0.049
0.001	0.001	0.001	0.997
>TTTGCTTTAGGC	4-TTTGCTTTAGGC	13.546944	-33.426020	0	T:13.0(1.30%),B:22.6(0.05%),P:1e-14	Tpos:214.2,Tstd:153.9,Bpos:420.8,Bstd:209.8,StrandBias:0.2,Multiplicity:1.00
0.001	0.001	0.001	0.997
0.001	0.001	0.001	0.997
0.134	0.001	0.001	0.864
0.111	0.001	0.887	0.001
0.001	0.650	0.089	0.260
0.001	0.001	0.001	0.997
0.001	0.134	0.001	0.864
0.001	0.001	0.001	0.997
0.997	0.001	0.001	0.001
0.001	0.134	0.864	0.001
0.001	0.001	0.997	0.001
0.001	0.997	0.001	0.001
>TTTCCCCAGCCA	5-TTTCCCCAGCCA	9.318979	-32.281508	0	T:83.0(8.30%),B:1560.3(3.19%),P:1e-14	Tpos:313.5,Tstd:226.4,Bpos:326.7,Bstd:203.0,StrandBias:0.1,Multiplicity:1.04
0.001	0.038	0.001	0.960
0.043	0.071	0.034	0.852
0.018	0.093	0.089	0.800
0.033	0.750	0.136	0.081
0.127	0.780	0.001	0.092
0.033	0.839	0.040	0.088
0.125	0.704	0.001	0.170
0.933	0.001	0.014	0.052
0.104	0.016	0.781	0.099
0.015	0.937	0.047	0.001
0.110	0.797	0.033	0.060
0.871	0.001	0.035	0.093
>ATCACCTTCCTT	6-ATCACCTTCCTT	10.079607	-32.157115	0	T:81.0(8.10%),B:1504.2(3.08%),P:1e-13	Tpos:325.7,Tstd:235.3,Bpos:337.3,Bstd:215.1,StrandBias:0.5,Multiplicity:1.05
0.718	0.056	0.090	0.136
0.001	0.068	0.042	0.889
0.141	0.593	0.121	0.145
0.736	0.045	0.001	0.218
0.001	0.719	0.152	0.128
0.001	0.855	0.001	0.143
0.001	0.067	0.001	0.931
0.090	0.053	0.001	0.856
0.001	0.899	0.001	0.099
0.090	0.833	0.001	0.076
0.001	0.001	0.001	0.997
0.001	0.001	0.001	0.997
>GTCCTGCCTTCT	7-GTCCTGCCTTCT	12.748870	-30.056053	0	T:18.0(1.80%),B:76.3(0.16%),P:1e-13	Tpos:453.5,Tstd:325.7,Bpos:305.7,Bstd:188.4,StrandBias:0.7,Multiplicity:1.00
0.070	0.057	0.872	0.001
0.163	0.065	0.136	0.636
0.001	0.917	0.001	0.081
0.162	0.836	0.001	0.001
0.001	0.001	0.001	0.997
0.001	0.001	0.997	0.001
0.001	0.997	0.001	0.001
0.001	0.899	0.001	0.099
0.001	0.001	0.001	0.997
0.001	0.001	0.001	0.997
0.001	0.997	0.001	0.001
0.001	0.162	0.001	0.836
>ATAGCTTACCTC	8-ATAGCTTACCTC	9.366130	-28.742305	0	T:52.0(5.20%),B:777.7(1.59%),P:1e-12	Tpos:306.6,Tstd:199.2,Bpos:330.6,Bstd:206.7,StrandBias:-0.1,Multiplicity:1.06
0.883	0.042	0.001	0.074
0.058	0.069	0.104	0.769
0.882	0.042	0.075	0.001
0.001	0.028	0.810	0.161
0.067	0.728	0.063	0.142
0.001	0.069	0.042	0.888
0.001	0.143	0.045	0.811
0.794	0.001	0.042	0.163
0.183	0.759	0.001	0.057
0.001	0.911	0.001	0.087
0.019	0.074	0.001	0.906
0.001	0.865	0.073	0.061
>GTTAATGATTTG	9-GTTAATGATTTG	11.146341	-27.351059	0	T:25.0(2.50%),B:196.9(0.40%),P:1e-11	Tpos:394.1,Tstd:303.3,Bpos:326.9,Bstd:201.6,StrandBias:-0.3,Multiplicity:1.08
0.001	0.079	0.841	0.079
0.001	0.114	0.001	0.884
0.064	0.001	0.001	0.934
0.869	0.129	0.001	0.001
0.872	0.001	0.126	0.001
0.070	0.001	0.001	0.928
0.201	0.204	0.594	0.001
0.739	0.001	0.259	0.001
0.189	0.107	0.001	0.703
0.001	0.001	0.001	0.997
0.280	0.001	0.001	0.718
0.258	0.001	0.740	0.001
>GCTTGAGTAAAC	10-GCTTGAGTAAAC	9.623186	-26.873486	0	T:44.0(4.40%),B:611.1(1.25%),P:1e-11	Tpos:298.0,Tstd:279.4,Bpos:330.0,Bstd:201.9,StrandBias:0.5,Multiplicity:1.00
0.163	0.038	0.724	0.075
0.045	0.821	0.068	0.066
0.030	0.075	0.001	0.894
0.072	0.001	0.045	0.882
0.045	0.058	0.807	0.090
0.969	0.001	0.001	0.029
0.001	0.090	0.827	0.082
0.084	0.033	0.088	0.795
0.747	0.090	0.118	0.045
0.943	0.011	0.045	0.001
0.819	0.001	0.179	0.001
0.098	0.778	0.123	0.001
>CATCTGCTCTTA	11-CATCTGCTCTTA	10.403096	-25.894263	0	T:46.0(4.60%),B:681.9(1.39%),P:1e-11	Tpos:340.3,Tstd:256.8,Bpos:328.6,Bstd:211.3,StrandBias:0.8,Multiplicity:1.02
0.083	0.793	0.001	0.123
0.873	0.001	0.001	0.125
0.001	0.001	0.160	0.838
0.001	0.899	0.099	0.001
0.034	0.001	0.001	0.964
0.112	0.001	0.807	0.080
0.001	0.615	0.185	0.199
0.068	0.001	0.001	0.930
0.006	0.813	0.159	0.022
0.001	0.001	0.001	0.997
0.070	0.127	0.073	0.730
0.738	0.064	0.086	0.112
>AGCWGCTTTCTC	12-AGCWGCTTTCTC	9.975949	-23.979810	0	T:63.0(6.30%),B:1207.5(2.47%),P:1e-10	Tpos:414.2,Tstd:265.9,Bpos:325.8,Bstd:219.7,StrandBias:0.3,Multiplicity:1.05
0.588	0.001	0.248	0.163
0.082	0.027	0.890	0.001
0.001	0.783	0.002	0.214
0.448	0.001	0.001	0.550
0.059	0.001	0.736	0.204
0.001	0.935	0.001	0.063
0.001	0.218	0.001	0.780
0.124	0.001	0.001	0.874
0.075	0.092	0.001	0.832
0.001	0.922	0.076	0.001
0.089	0.108	0.001	0.802
0.100	0.652	0.188	0.060
>AGCTAAGTGAAA	13-AGCTAAGTGAAA	12.742836	-22.388585	0	T:24.0(2.40%),B:229.5(0.47%),P:1e-9	Tpos:349.6,Tstd:289.2,Bpos:324.5,Bstd:197.6,StrandBias:0.4,Multiplicity:1.00
0.673	0.068	0.072	0.187
0.001	0.001	0.997	0.001
0.001	0.843	0.095	0.061
0.001	0.001	0.001	0.997
0.860	0.001	0.052	0.087
0.997	0.001	0.001	0.001
0.080	0.001	0.918	0.001
0.001	0.001	0.001	0.997
0.064	0.087	0.848	0.001
0.997	0.001	0.001	0.001
0.997	0.001	0.001	0.001
0.904	0.001	0.094	0.001
>GAGTAGGAGTAG	14-GAGTAGGAGTAG	12.734957	-20.703931	0	T:13.0(1.30%),B:62.9(0.13%),P:1e-8	Tpos:260.6,Tstd:161.3,Bpos:314.7,Bstd:259.2,StrandBias:0.4,Multiplicity:1.08
0.001	0.145	0.853	0.001
0.997	0.001	0.001	0.001
0.001	0.001	0.997	0.001
0.066	0.224	0.001	0.709
0.997	0.001	0.001	0.001
0.145	0.001	0.853	0.001
0.001	0.001	0.997	0.001
0.997	0.001	0.001	0.001
0.106	0.001	0.892	0.001
0.001	0.097	0.066	0.836
0.997	0.001	0.001	0.001
0.001	0.001	0.997	0.001
>ACTGCAGGTAAC	15-ACTGCAGGTAAC	10.149932	-20.493819	0	T:29.0(2.90%),B:363.5(0.74%),P:1e-8	Tpos:297.9,Tstd:202.0,Bpos:324.6,Bstd:204.9,StrandBias:1.0,Multiplicity:1.03
0.950	0.001	0.001	0.048
0.001	0.849	0.001	0.149
0.066	0.133	0.001	0.800
0.001	0.001	0.997	0.001
0.066	0.867	0.001	0.066
0.932	0.001	0.066	0.001
0.066	0.001	0.826	0.107
0.001	0.178	0.731	0.090
0.103	0.067	0.095	0.735
0.799	0.199	0.001	0.001
0.761	0.001	0.071	0.167
0.001	0.751	0.060	0.188
>CATGAGGTTTAA	16-CATGAGGTTTAA	9.472024	-20.227946	0	T:57.0(5.70%),B:1142.3(2.34%),P:1e-8	Tpos:299.9,Tstd:192.2,Bpos:320.1,Bstd:205.7,StrandBias:-0.4,Multiplicity:1.04
0.072	0.857	0.043	0.028
0.934	0.045	0.001	0.020
0.075	0.001	0.032	0.892
0.062	0.085	0.767	0.086
0.839	0.013	0.086	0.062
0.069	0.016	0.871	0.044
0.120	0.058	0.704	0.118
0.142	0.070	0.052	0.736
0.027	0.065	0.047	0.861
0.073	0.045	0.051	0.831
0.840	0.036	0.083	0.041
0.875	0.027	0.018	0.080
>TCCCCTTTACCT	17-TCCCCTTTACCT	10.056338	-20.171305	0	T:51.0(5.10%),B:962.8(1.97%),P:1e-8	Tpos:342.6,Tstd:221.4,Bpos:315.2,Bstd:203.2,StrandBias:0.4,Multiplicity:1.00
0.135	0.087	0.001	0.777
0.001	0.997	0.001	0.001
0.086	0.811	0.001	0.102
0.001	0.811	0.087	0.101
0.044	0.871	0.001	0.084
0.063	0.001	0.001	0.935
0.040	0.282	0.101	0.577
0.005	0.059	0.001	0.935
0.835	0.002	0.001	0.162
0.047	0.814	0.138	0.001
0.001	0.893	0.087	0.019
0.163	0.001	0.001	0.835
>TATCTCTCACTC	18-TATCTCTCACTC	9.493654	-19.545168	0	T:96.0(9.60%),B:2480.7(5.07%),P:1e-8	Tpos:447.1,Tstd:377.0,Bpos:332.4,Bstd:221.0,StrandBias:-0.4,Multiplicity:1.18
0.048	0.039	0.127	0.786
0.682	0.135	0.092	0.091
0.025	0.031	0.100	0.844
0.041	0.822	0.096	0.041
0.038	0.056	0.001	0.905
0.021	0.962	0.009	0.008
0.044	0.067	0.025	0.864
0.072	0.768	0.065	0.095
0.792	0.066	0.021	0.121
0.045	0.866	0.077	0.012
0.037	0.058	0.001	0.904
0.025	0.817	0.092	0.066
>GATGTATGGGCA	19-GATGTATGGGCA	11.294014	-18.996229	0	T:9.0(0.90%),B:26.9(0.06%),P:1e-8	Tpos:169.6,Tstd:81.1,Bpos:347.3,Bstd:173.7,StrandBias:-1.8,Multiplicity:1.00
0.001	0.001	0.997	0.001
0.997	0.001	0.001	0.001
0.001	0.001	0.001	0.997
0.165	0.001	0.804	0.030
0.001	0.001	0.001	0.997
0.997	0.001	0.001	0.001
0.001	0.001	0.001	0.997
0.001	0.157	0.841	0.001
0.001	0.001	0.997	0.001
0.195	0.001	0.803	0.001
0.001	0.997	0.001	0.001
0.997	0.001	0.001	0.001
>GATGACTCACAG	20-GATGACTCACAG	8.739442	-18.632911	0	T:76.0(7.60%),B:1823.3(3.73%),P:1e-8	Tpos:331.8,Tstd:232.3,Bpos:323.9,Bstd:213.1,StrandBias:0.8,Multiplicity:1.04
0.046	0.103	0.725	0.126
0.859	0.041	0.065	0.035
0.068	0.001	0.001	0.930
0.117	0.061	0.819	0.003
0.787	0.060	0.082	0.071
0.090	0.717	0.091	0.102
0.101	0.063	0.001	0.835
0.041	0.909	0.025	0.025
0.917	0.030	0.001	0.052
0.016	0.811	0.090	0.083
0.934	0.001	0.001	0.064
0.065	0.098	0.764	0.073
>TTTCCATGGCAG	21-TTTCCATGGCAG	9.116217	-17.417204	0	T:82.0(8.20%),B:2089.1(4.27%),P:1e-7	Tpos:336.8,Tstd:249.8,Bpos:321.6,Bstd:205.4,StrandBias:-0.8,Multiplicity:1.01
0.035	0.094	0.001	0.870
0.028	0.078	0.134	0.760
0.016	0.041	0.050	0.893
0.110	0.691	0.096	0.103
0.031	0.876	0.001	0.092
0.805	0.086	0.015	0.094
0.042	0.014	0.073	0.871
0.068	0.049	0.794	0.089
0.038	0.041	0.877	0.044
0.048	0.827	0.091	0.034
0.892	0.017	0.001	0.090
0.032	0.034	0.850	0.084
>TGTCCAAGGGAA	22-TGTCCAAGGGAA	12.355432	-16.003149	0	T:4.0(0.40%),B:2.5(0.01%),P:1e-6	Tpos:262.8,Tstd:152.7,Bpos:324.4,Bstd:180.3,StrandBias:0.0,Multiplicity:1.00
0.100	0.100	0.100	0.700
0.100	0.100	0.700	0.100
0.100	0.100	0.100	0.700
0.100	0.700	0.100	0.100
0.100	0.700	0.100	0.100
0.700	0.100	0.100	0.100
0.700	0.100	0.100	0.100
0.100	0.100	0.700	0.100
0.100	0.100	0.700	0.100
0.100	0.100	0.700	0.100
0.700	0.100	0.100	0.100
0.700	0.100	0.100	0.100
>TGACCAGCAAAG	23-TGACCAGCAAAG	10.598263	-14.624029	0	T:22.0(2.20%),B:298.3(0.61%),P:1e-6	Tpos:362.7,Tstd:230.5,Bpos:322.5,Bstd:193.3,StrandBias:-0.3,Multiplicity:1.00
0.001	0.001	0.063	0.935
0.083	0.119	0.692	0.106
0.715	0.199	0.039	0.047
0.136	0.765	0.050	0.049
0.075	0.923	0.001	0.001
0.876	0.001	0.001	0.122
0.029	0.001	0.928	0.042
0.097	0.785	0.055	0.063
0.753	0.073	0.127	0.047
0.879	0.003	0.079	0.039
0.970	0.001	0.001	0.028
0.095	0.053	0.789	0.063
>AGTGGTTAGCAA	24-AGTGGTTAGCAA	8.463612	-10.937460	0	T:88.0(8.80%),B:2707.3(5.54%),P:1e-4	Tpos:388.7,Tstd:278.1,Bpos:331.4,Bstd:209.0,StrandBias:0.0,Multiplicity:1.06
0.700	0.100	0.100	0.100
0.100	0.100	0.700	0.100
0.100	0.100	0.100	0.700
0.100	0.100	0.700	0.100
0.100	0.100	0.700	0.100
0.100	0.100	0.100	0.700
0.100	0.100	0.100	0.700
0.700	0.100	0.100	0.100
0.100	0.100	0.700	0.100
0.100	0.700	0.100	0.100
0.700	0.100	0.100	0.100
0.700	0.100	0.100	0.100
>CCTAGAGAGGCA	25-CCTAGAGAGGCA	5.821562	-10.063488	0	T:128.0(12.80%),B:4405.0(9.01%),P:1e-4	Tpos:354.6,Tstd:250.1,Bpos:322.8,Bstd:208.3,StrandBias:0.1,Multiplicity:1.05
0.334	0.645	0.020	0.001
0.018	0.668	0.255	0.059
0.047	0.047	0.276	0.630
0.854	0.103	0.001	0.042
0.001	0.001	0.997	0.001
0.971	0.001	0.027	0.001
0.001	0.001	0.997	0.001
0.997	0.001	0.001	0.001
0.028	0.056	0.895	0.021
0.001	0.217	0.781	0.001
0.068	0.930	0.001	0.001
0.997	0.001	0.001	0.001
>AACTGAAA	1-AACTGAAA	6.436491	-853.227657	0	T:878.0(87.80%),B:12693.0(25.96%),P:1e-370	Tpos:358.0,Tstd:239.9,Bpos:321.8,Bstd:204.7,StrandBias:0.0,Multiplicity:1.41
0.997	0.001	0.001	0.001
0.997	0.001	0.001	0.001
0.287	0.699	0.013	0.001
0.001	0.252	0.001	0.746
0.001	0.001	0.997	0.001
0.997	0.001	0.001	0.001
0.997	0.001	0.001	0.001
0.997	0.001	0.001	0.001
>TCACTTTC	2-TCACTTTC	5.548363	-797.440139	0	T:637.0(63.70%),B:5373.4(10.99%),P:1e-346	Tpos:335.4,Tstd:212.4,Bpos:322.1,Bstd:213.5,StrandBias:-0.1,Multiplicity:1.22
0.001	0.001	0.001	0.997
0.001	0.997	0.001	0.001
0.984	0.001	0.014	0.001
0.001	0.713	0.285	0.001
0.001	0.001	0.001	0.997
0.001	0.001	0.001	0.997
0.001	0.001	0.001	0.997
0.001	0.997	0.001	0.001
>TTGCTTTC	3-TTGCTTTC	6.751127	-140.416875	0	T:524.0(52.40%),B:13463.6(27.53%),P:1e-60	Tpos:365.2,Tstd:284.2,Bpos:322.1,Bstd:210.3,StrandBias:0.1,Multiplicity:1.29
0.001	0.001	0.001	0.997
0.131	0.001	0.001	0.867
0.192	0.001	0.806	0.001
0.001	0.839	0.159	0.001
0.001	0.001	0.004	0.994
0.089	0.099	0.001	0.811
0.043	0.001	0.001	0.955
0.001	0.997	0.001	0.001
>TCTGTTTC	4-TCTGTTTC	7.198064	-66.131539	0	T:414.0(41.40%),B:12288.2(25.13%),P:1e-28	Tpos:375.3,Tstd:265.7,Bpos:323.6,Bstd:209.6,StrandBias:0.1,Multiplicity:1.32
0.001	0.001	0.001	0.997
0.001	0.905	0.093	0.001
0.001	0.036	0.001	0.962
0.001	0.186	0.812	0.001
0.001	0.001	0.143	0.855
0.001	0.001	0.001	0.997
0.001	0.001	0.001	0.997
0.088	0.910	0.001	0.001
>TGCTGCTC	5-TGCTGCTC	7.087252	-29.824403	0	T:327.0(32.70%),B:11017.8(22.53%),P:1e-12	Tpos:386.2,Tstd:291.0,Bpos:318.6,Bstd:213.2,StrandBias:-0.1,Multiplicity:1.25
0.072	0.001	0.036	0.891
0.031	0.124	0.715	0.130
0.029	0.921	0.049	0.001
0.059	0.004	0.001	0.936
0.038	0.039	0.827	0.096
0.029	0.844	0.001	0.126
0.001	0.068	0.033	0.898
0.001	0.997	0.001	0.001
>WGCTTAGC	6-WGCTTAGC	6.760267	-28.316730	0	T:345.0(34.50%),B:11927.8(24.39%),P:1e-12	Tpos:381.1,Tstd:302.1,Bpos:323.5,Bstd:211.8,StrandBias:-0.1,Multiplicity:1.24
0.383	0.002	0.107	0.508
0.237	0.001	0.761	0.001
0.144	0.704	0.151	0.001
0.001	0.040	0.001	0.958
0.001	0.165	0.224	0.610
0.823	0.001	0.001	0.175
0.142	0.001	0.856	0.001
0.141	0.733	0.001	0.125
>GTCTACTG	7-GTCTACTG	7.026360	-20.116985	0	T:263.0(26.30%),B:9124.5(18.66%),P:1e-8	Tpos:401.7,Tstd:299.9,Bpos:324.5,Bstd:211.6,StrandBias:0.0,Multiplicity:1.18
0.042	0.059	0.795	0.104
0.001	0.112	0.001	0.886
0.001	0.972	0.001	0.026
0.215	0.075	0.001	0.709
0.856	0.001	0.048	0.095
0.033	0.816	0.074	0.077
0.001	0.001	0.001	0.997
0.001	0.036	0.962	0.001
>ATGAGTCA	8-ATGAGTCA	7.567951	-17.676526	0	T:206.0(20.60%),B:6934.7(14.18%),P:1e-7	Tpos:374.1,Tstd:286.0,Bpos:326.0,Bstd:209.2,StrandBias:0.1,Multiplicity:1.15
0.893	0.001	0.001	0.105
0.001	0.001	0.001	0.997
0.001	0.001	0.997	0.001
0.997	0.001	0.001	0.001
0.001	0.148	0.650	0.201
0.001	0.001	0.167	0.831
0.001	0.997	0.001	0.001
0.997	0.001	0.001	0.001
>MCTGYCAG	9-MCTGYCAG	7.061330	-17.215102	0	T:353.0(35.30%),B:13418.2(27.44%),P:1e-7	Tpos:371.5,Tstd:282.3,Bpos:326.0,Bstd:209.0,StrandBias:-0.0,Multiplicity:1.34
0.394	0.374	0.231	0.001
0.001	0.997	0.001	0.001
0.283	0.038	0.001	0.678
0.001	0.001	0.997	0.001
0.001	0.418	0.151	0.430
0.001	0.896	0.102	0.001
0.935	0.001	0.001	0.063
0.001	0.186	0.812	0.001
>CGCATCTC	10-CGCATCTC	7.927187	-16.535813	0	T:56.0(5.60%),B:1241.8(2.54%),P:1e-7	Tpos:281.7,Tstd:218.6,Bpos:313.4,Bstd:204.3,StrandBias:0.7,Multiplicity:1.00
0.001	0.847	0.151	0.001
0.001	0.001	0.997	0.001
0.126	0.872	0.001	0.001
0.610	0.001	0.021	0.368
0.192	0.001	0.001	0.806
0.001	0.894	0.104	0.001
0.050	0.001	0.042	0.907
0.001	0.997	0.001	0.001
>AGTACTGT	11-AGTACTGT	7.097982	-14.582004	0	T:250.0(25.00%),B:9134.4(18.68%),P:1e-6	Tpos:370.4,Tstd:292.6,Bpos:324.2,Bstd:210.3,StrandBias:0.1,Multiplicity:1.22
0.924	0.001	0.020	0.055
0.234	0.023	0.627	0.116
0.059	0.029	0.042	0.870
0.895	0.025	0.038	0.042
0.028	0.824	0.127	0.021
0.048	0.001	0.001	0.950
0.001	0.021	0.977	0.001
0.054	0.015	0.001	0.930
>CCTAAGGC	12-CCTAAGGC	5.827397	-14.085519	0	T:383.0(38.30%),B:15202.5(31.09%),P:1e-6	Tpos:383.0,Tstd:291.6,Bpos:325.1,Bstd:204.7,StrandBias:-0.1,Multiplicity:1.32
0.197	0.580	0.107	0.116
0.124	0.771	0.042	0.063
0.048	0.065	0.031	0.856
0.638	0.151	0.096	0.115
0.747	0.049	0.096	0.108
0.058	0.018	0.794	0.130
0.009	0.080	0.863	0.048
0.070	0.762	0.122	0.046
