>GTTAATSATTAA	3-GTTAATSATTAA,BestGuess:HNF1B/MA0153.2/Jaspar(0.896)	9.376760	-66.872730	0	T:139.0(4.62%),B:702.5(1.50%),P:1e-29
0.193	0.108	0.551	0.148
0.175	0.112	0.260	0.453
0.001	0.001	0.061	0.937
0.693	0.188	0.079	0.040
0.964	0.001	0.001	0.034
0.296	0.001	0.041	0.662
0.092	0.402	0.377	0.129
0.981	0.001	0.001	0.017
0.138	0.001	0.333	0.528
0.101	0.037	0.001	0.861
0.614	0.220	0.001	0.165
0.717	0.174	0.108	0.001
