>TTAATSATTAAC	3-GTTAATSATTAA	9.376760	-66.872730	0	T:139.0(4.62%),B:702.5(1.50%),P:1e-29
0.001	0.108	0.174	0.717
0.165	0.001	0.220	0.614
0.861	0.001	0.037	0.101
0.528	0.333	0.001	0.138
0.017	0.001	0.001	0.981
0.129	0.377	0.402	0.092
0.662	0.041	0.001	0.296
0.034	0.001	0.001	0.964
0.040	0.079	0.188	0.693
0.937	0.061	0.001	0.001
0.453	0.260	0.112	0.175
0.148	0.551	0.108	0.193
