>STTTCASTTTCV	1-BGAAASTGAAAS	8.714744	-3214.548776	0	T:1556.0(51.71%),B:1608.6(3.44%),P:1e-1396
0.074	0.415	0.450	0.061
0.060	0.056	0.061	0.823
0.092	0.060	0.057	0.791
0.065	0.099	0.069	0.767
0.050	0.763	0.043	0.144
0.638	0.051	0.144	0.167
0.062	0.349	0.398	0.192
0.127	0.054	0.045	0.774
0.148	0.079	0.078	0.695
0.093	0.075	0.081	0.751
0.082	0.610	0.095	0.213
0.338	0.250	0.240	0.172
