>GGTGCTAGGATC	25-GGTGCTAGGATC	6.702669	-7.222729	0	T:329.0(10.93%),B:4301.4(9.20%),P:1e-3
0.125	0.065	0.680	0.130
0.108	0.118	0.651	0.123
0.133	0.071	0.101	0.695
0.106	0.079	0.692	0.123
0.122	0.644	0.109	0.125
0.132	0.128	0.061	0.679
0.689	0.075	0.095	0.141
0.138	0.048	0.659	0.155
0.133	0.091	0.664	0.112
0.651	0.111	0.109	0.129
0.115	0.088	0.106	0.691
0.138	0.606	0.129	0.127
