>AAGTGAAA	1-AAGTGAAA	6.395231	-1090.207871	0	T:1260.0(68.44%),B:8975.7(18.68%),P:1e-473	Tpos:333.0,Tstd:202.1,Bpos:305.0,Bstd:184.5,StrandBias:-0.0,Multiplicity:1.50
0.997	0.001	0.001	0.001
0.997	0.001	0.001	0.001
0.198	0.298	0.503	0.001
0.001	0.047	0.001	0.951
0.001	0.001	0.997	0.001
0.997	0.001	0.001	0.001
0.997	0.001	0.001	0.001
0.997	0.001	0.001	0.001
>AASAGAAA	2-AASAGAAA	10.312170	-246.346059	0	T:658.0(35.74%),B:7170.7(14.92%),P:1e-106	Tpos:356.4,Tstd:243.0,Bpos:308.6,Bstd:186.1,StrandBias:-0.2,Multiplicity:1.28
0.997	0.001	0.001	0.001
0.997	0.001	0.001	0.001
0.001	0.469	0.529	0.001
0.997	0.001	0.001	0.001
0.001	0.001	0.997	0.001
0.997	0.001	0.001	0.001
0.997	0.001	0.001	0.001
0.997	0.001	0.001	0.001
>TTRCTTTC	3-TTRCTTTC	7.776840	-150.327090	0	T:547.0(29.71%),B:6801.4(14.15%),P:1e-65	Tpos:363.2,Tstd:248.8,Bpos:304.8,Bstd:185.2,StrandBias:-0.2,Multiplicity:1.18
0.001	0.001	0.001	0.997
0.001	0.001	0.001	0.997
0.494	0.156	0.348	0.001
0.001	0.997	0.001	0.001
0.001	0.001	0.001	0.997
0.001	0.001	0.075	0.923
0.001	0.001	0.001	0.997
0.001	0.997	0.001	0.001
>CTGTTTAC	4-CTGTTTAC	5.466512	-62.892250	0	T:997.0(54.16%),B:19933.8(41.48%),P:1e-27	Tpos:370.7,Tstd:240.1,Bpos:309.2,Bstd:183.2,StrandBias:0.1,Multiplicity:1.54
0.118	0.692	0.063	0.127
0.001	0.001	0.001	0.997
0.054	0.001	0.944	0.001
0.050	0.049	0.046	0.855
0.001	0.001	0.048	0.950
0.001	0.044	0.001	0.954
0.883	0.001	0.115	0.001
0.040	0.870	0.001	0.089
>SATTATGC	5-SATTATGC	5.333105	-40.460318	0	T:589.0(31.99%),B:11122.4(23.14%),P:1e-17	Tpos:384.6,Tstd:263.6,Bpos:309.1,Bstd:180.4,StrandBias:-0.1,Multiplicity:1.21
0.136	0.324	0.461	0.079
0.739	0.191	0.038	0.032
0.001	0.187	0.041	0.771
0.120	0.045	0.001	0.834
0.579	0.039	0.277	0.105
0.244	0.126	0.175	0.455
0.218	0.137	0.555	0.090
0.063	0.544	0.237	0.156
>GTGAGTCA	6-GTGAGTCA	6.860451	-38.779965	0	T:400.0(21.73%),B:6906.5(14.37%),P:1e-16	Tpos:372.3,Tstd:256.3,Bpos:305.2,Bstd:186.7,StrandBias:-0.1,Multiplicity:1.18
0.154	0.046	0.762	0.038
0.001	0.093	0.106	0.800
0.001	0.039	0.925	0.035
0.997	0.001	0.001	0.001
0.001	0.144	0.854	0.001
0.061	0.023	0.001	0.915
0.001	0.913	0.001	0.085
0.959	0.001	0.039	0.001
>ACCAGCTG	7-ACCAGCTG	7.240826	-33.238135	0	T:452.0(24.55%),B:8331.6(17.34%),P:1e-14	Tpos:360.9,Tstd:261.5,Bpos:308.1,Bstd:189.0,StrandBias:0.1,Multiplicity:1.18
0.787	0.068	0.049	0.096
0.046	0.786	0.123	0.045
0.001	0.947	0.001	0.051
0.870	0.016	0.010	0.104
0.001	0.030	0.782	0.187
0.001	0.997	0.001	0.001
0.058	0.001	0.001	0.940
0.059	0.001	0.883	0.057
>GGTTTTGG	8-GGTTTTGG	8.093216	-24.986806	0	T:137.0(7.44%),B:1936.4(4.03%),P:1e-10	Tpos:332.0,Tstd:218.5,Bpos:304.2,Bstd:180.3,StrandBias:-0.4,Multiplicity:1.15
0.001	0.074	0.924	0.001
0.001	0.001	0.997	0.001
0.001	0.001	0.001	0.997
0.001	0.001	0.001	0.997
0.001	0.001	0.001	0.997
0.001	0.001	0.001	0.997
0.001	0.001	0.997	0.001
0.001	0.311	0.687	0.001
>CGGTGCGT	9-CGGTGCGT	8.236954	-17.188438	0	T:10.0(0.54%),B:23.2(0.05%),P:1e-7	Tpos:254.4,Tstd:99.0,Bpos:341.8,Bstd:139.2,StrandBias:0.0,Multiplicity:1.00
0.100	0.700	0.100	0.100
0.100	0.100	0.700	0.100
0.100	0.100	0.700	0.100
0.100	0.100	0.100	0.700
0.100	0.100	0.700	0.100
0.100	0.700	0.100	0.100
0.100	0.100	0.700	0.100
0.100	0.100	0.100	0.700
>TACTACGC	10-TACTACGC	8.604218	-14.067148	0	T:14.0(0.76%),B:69.4(0.14%),P:1e-6	Tpos:369.1,Tstd:166.9,Bpos:286.3,Bstd:183.7,StrandBias:0.8,Multiplicity:1.00
0.001	0.001	0.085	0.913
0.997	0.001	0.001	0.001
0.001	0.997	0.001	0.001
0.001	0.001	0.001	0.997
0.997	0.001	0.001	0.001
0.001	0.997	0.001	0.001
0.001	0.001	0.997	0.001
0.001	0.997	0.001	0.001
