>GAAAGTGAAA	1-GAAAGTGAAA	9.841624	-2251.980927	0	T:1105.0(60.02%),B:2110.9(4.39%),P:1e-978	Tpos:329.2,Tstd:187.7,Bpos:302.5,Bstd:189.9,StrandBias:-0.1,Multiplicity:1.20
0.063	0.001	0.935	0.001
0.997	0.001	0.001	0.001
0.997	0.001	0.001	0.001
0.997	0.001	0.001	0.001
0.155	0.246	0.598	0.001
0.107	0.034	0.018	0.841
0.027	0.001	0.971	0.001
0.986	0.001	0.012	0.001
0.997	0.001	0.001	0.001
0.997	0.001	0.001	0.001
>AAACCGAAAS	2-AAACCGAAAS	9.517357	-1608.808074	0	T:900.0(48.89%),B:2050.0(4.27%),P:1e-698	Tpos:346.4,Tstd:207.8,Bpos:310.5,Bstd:186.2,StrandBias:0.2,Multiplicity:1.19
0.961	0.024	0.014	0.001
0.950	0.004	0.022	0.024
0.954	0.006	0.030	0.010
0.130	0.506	0.291	0.073
0.082	0.663	0.037	0.218
0.362	0.019	0.618	0.001
0.932	0.032	0.012	0.024
0.961	0.026	0.001	0.012
0.942	0.029	0.013	0.016
0.023	0.516	0.450	0.011
>TTTYACTTTC	3-TTTYACTTTC	6.695730	-1517.216169	0	T:980.0(53.23%),B:2962.1(6.16%),P:1e-658	Tpos:353.4,Tstd:200.8,Bpos:314.8,Bstd:181.3,StrandBias:-0.0,Multiplicity:1.11
0.025	0.203	0.258	0.514
0.254	0.121	0.024	0.601
0.190	0.278	0.031	0.501
0.074	0.433	0.207	0.286
0.661	0.306	0.031	0.002
0.184	0.445	0.210	0.161
0.194	0.033	0.237	0.536
0.208	0.207	0.105	0.480
0.148	0.226	0.152	0.474
0.009	0.968	0.008	0.015
>TTTCATTTCY	4-TTTCATTTCY	8.074393	-690.203710	0	T:1037.0(56.33%),B:8551.8(17.80%),P:1e-299	Tpos:353.0,Tstd:250.4,Bpos:305.6,Bstd:182.3,StrandBias:-0.1,Multiplicity:1.17
0.001	0.001	0.001	0.997
0.001	0.001	0.001	0.997
0.001	0.001	0.001	0.997
0.001	0.997	0.001	0.001
0.771	0.227	0.001	0.001
0.001	0.250	0.001	0.748
0.001	0.001	0.001	0.997
0.001	0.001	0.001	0.997
0.100	0.566	0.001	0.333
0.165	0.456	0.001	0.378
>TTCCCAGTAA	5-TTCCCAGTAA	7.509365	-47.858865	0	T:385.0(20.91%),B:6222.0(12.95%),P:1e-20	Tpos:369.1,Tstd:256.5,Bpos:306.2,Bstd:183.8,StrandBias:-0.0,Multiplicity:1.11
0.006	0.006	0.016	0.972
0.004	0.111	0.046	0.839
0.145	0.628	0.158	0.069
0.048	0.778	0.045	0.129
0.076	0.876	0.047	0.001
0.609	0.143	0.073	0.175
0.001	0.001	0.900	0.098
0.170	0.001	0.015	0.814
0.796	0.138	0.065	0.001
0.792	0.050	0.099	0.059
>AACAAACAGT	6-AACAAACAGT	8.441938	-39.553214	0	T:158.0(8.58%),B:1957.2(4.07%),P:1e-17	Tpos:361.5,Tstd:228.0,Bpos:311.9,Bstd:184.4,StrandBias:-0.2,Multiplicity:1.04
0.964	0.001	0.024	0.011
0.827	0.001	0.078	0.094
0.001	0.947	0.051	0.001
0.937	0.001	0.046	0.016
0.915	0.051	0.011	0.023
0.997	0.001	0.001	0.001
0.001	0.949	0.031	0.019
0.912	0.032	0.055	0.001
0.070	0.021	0.838	0.071
0.072	0.107	0.035	0.786
>TGATTAAGCM	7-TGATTAAGCM	7.655878	-30.849964	0	T:77.0(4.18%),B:751.6(1.56%),P:1e-13	Tpos:379.1,Tstd:263.3,Bpos:306.1,Bstd:177.3,StrandBias:-0.1,Multiplicity:1.00
0.025	0.063	0.218	0.694
0.058	0.190	0.692	0.060
0.793	0.015	0.028	0.164
0.029	0.257	0.163	0.551
0.149	0.128	0.147	0.576
0.631	0.222	0.140	0.007
0.598	0.023	0.267	0.112
0.046	0.309	0.614	0.031
0.240	0.665	0.019	0.076
0.327	0.461	0.033	0.178
>VTGACTCACR	8-VTGACTCACR	5.633029	-30.732043	0	T:308.0(16.73%),B:5249.4(10.92%),P:1e-13	Tpos:376.9,Tstd:256.1,Bpos:308.5,Bstd:187.1,StrandBias:0.3,Multiplicity:1.14
0.279	0.214	0.334	0.172
0.135	0.125	0.200	0.540
0.122	0.014	0.693	0.171
0.529	0.059	0.247	0.165
0.060	0.551	0.277	0.112
0.124	0.079	0.073	0.724
0.141	0.582	0.127	0.150
0.551	0.196	0.126	0.127
0.066	0.498	0.235	0.200
0.381	0.142	0.271	0.206
>CGGTGCGTAT	9-CGGTGCGTAT	11.250377	-29.840251	0	T:9.0(0.49%),B:4.1(0.01%),P:1e-12	Tpos:265.3,Tstd:98.4,Bpos:259.2,Bstd:127.7,StrandBias:-0.3,Multiplicity:1.00
0.001	0.997	0.001	0.001
0.001	0.218	0.780	0.001
0.218	0.001	0.780	0.001
0.001	0.001	0.001	0.997
0.001	0.001	0.997	0.001
0.001	0.724	0.001	0.274
0.001	0.001	0.997	0.001
0.218	0.001	0.001	0.780
0.503	0.219	0.277	0.001
0.001	0.218	0.001	0.780
>GCCTGCTGAG	10-GCCTGCTGAG	7.013336	-27.882781	0	T:325.0(17.65%),B:5749.1(11.96%),P:1e-12	Tpos:372.8,Tstd:269.9,Bpos:306.9,Bstd:186.8,StrandBias:0.2,Multiplicity:1.19
0.083	0.084	0.766	0.067
0.072	0.793	0.080	0.055
0.065	0.780	0.079	0.076
0.075	0.075	0.060	0.790
0.046	0.052	0.857	0.045
0.023	0.807	0.082	0.088
0.073	0.057	0.059	0.811
0.047	0.099	0.840	0.014
0.780	0.096	0.061	0.063
0.038	0.106	0.785	0.071
>GGGAAWTCCS	11-GGGAAWTCCS	6.813505	-27.719715	0	T:154.0(8.37%),B:2184.3(4.55%),P:1e-12	Tpos:359.1,Tstd:251.7,Bpos:304.9,Bstd:175.5,StrandBias:0.3,Multiplicity:1.08
0.139	0.076	0.741	0.044
0.095	0.126	0.680	0.099
0.147	0.083	0.658	0.112
0.602	0.034	0.147	0.217
0.819	0.039	0.001	0.141
0.290	0.141	0.155	0.414
0.226	0.001	0.144	0.629
0.076	0.609	0.118	0.197
0.203	0.760	0.001	0.036
0.148	0.459	0.361	0.032
>GTTACTACGC	12-GTTACTACGC	12.463561	-26.585566	0	T:7.0(0.38%),B:2.5(0.01%),P:1e-11	Tpos:314.6,Tstd:137.8,Bpos:454.4,Bstd:135.5,StrandBias:1.3,Multiplicity:1.00
0.105	0.001	0.893	0.001
0.316	0.001	0.001	0.682
0.001	0.001	0.001	0.997
0.997	0.001	0.001	0.001
0.001	0.997	0.001	0.001
0.001	0.001	0.001	0.997
0.997	0.001	0.001	0.001
0.001	0.997	0.001	0.001
0.001	0.001	0.997	0.001
0.001	0.893	0.001	0.105
>CCCCGGGGGA	13-CCCCGGGGGA	9.644713	-24.449589	0	T:41.0(2.23%),B:309.2(0.64%),P:1e-10	Tpos:288.1,Tstd:250.2,Bpos:306.5,Bstd:176.3,StrandBias:-0.5,Multiplicity:1.00
0.001	0.868	0.041	0.090
0.001	0.997	0.001	0.001
0.001	0.951	0.001	0.047
0.001	0.997	0.001	0.001
0.149	0.034	0.664	0.153
0.001	0.109	0.851	0.039
0.001	0.001	0.997	0.001
0.047	0.081	0.871	0.001
0.026	0.001	0.972	0.001
0.821	0.131	0.047	0.001
>GCAACMTACC	14-GCAACMTACC	8.579952	-23.238814	0	T:60.0(3.26%),B:603.5(1.26%),P:1e-10	Tpos:353.6,Tstd:263.5,Bpos:300.9,Bstd:180.7,StrandBias:0.3,Multiplicity:1.00
0.001	0.001	0.997	0.001
0.001	0.997	0.001	0.001
0.943	0.001	0.001	0.055
0.659	0.052	0.230	0.059
0.056	0.888	0.055	0.001
0.517	0.481	0.001	0.001
0.001	0.078	0.001	0.920
0.997	0.001	0.001	0.001
0.082	0.669	0.230	0.019
0.001	0.986	0.001	0.012
>GGCCGACACG	15-GGCCGACACG	10.296193	-21.134939	0	T:5.0(0.27%),B:0.0(0.00%),P:1e-9	Tpos:232.0,Tstd:248.9,Bpos:0.0,Bstd:0.0,StrandBias:-0.6,Multiplicity:1.00
0.100	0.100	0.700	0.100
0.100	0.100	0.700	0.100
0.100	0.700	0.100	0.100
0.100	0.700	0.100	0.100
0.100	0.100	0.700	0.100
0.700	0.100	0.100	0.100
0.100	0.700	0.100	0.100
0.700	0.100	0.100	0.100
0.100	0.700	0.100	0.100
0.100	0.100	0.700	0.100
>TCTTCGGATT	16-TCTTCGGATT	10.296193	-19.666050	0	T:6.0(0.33%),B:4.0(0.01%),P:1e-8	Tpos:143.8,Tstd:80.0,Bpos:339.8,Bstd:174.1,StrandBias:-1.0,Multiplicity:1.00
0.100	0.100	0.100	0.700
0.100	0.700	0.100	0.100
0.100	0.100	0.100	0.700
0.100	0.100	0.100	0.700
0.100	0.700	0.100	0.100
0.100	0.100	0.700	0.100
0.100	0.100	0.700	0.100
0.700	0.100	0.100	0.100
0.100	0.100	0.100	0.700
0.100	0.100	0.100	0.700
>CTGGTAGTCG	17-CTGGTAGTCG	12.046141	-19.666050	0	T:6.0(0.33%),B:3.7(0.01%),P:1e-8	Tpos:348.0,Tstd:189.0,Bpos:337.0,Bstd:135.7,StrandBias:-1.0,Multiplicity:1.00
0.001	0.831	0.167	0.001
0.001	0.001	0.001	0.997
0.001	0.001	0.997	0.001
0.001	0.001	0.997	0.001
0.001	0.001	0.001	0.997
0.997	0.001	0.001	0.001
0.001	0.001	0.997	0.001
0.001	0.001	0.001	0.997
0.001	0.997	0.001	0.001
0.001	0.001	0.997	0.001
>ACTCTCTATG	18-ACTCTCTATG	11.540712	-18.509133	0	T:22.0(1.20%),B:126.1(0.26%),P:1e-8	Tpos:376.6,Tstd:202.9,Bpos:297.2,Bstd:169.3,StrandBias:0.0,Multiplicity:1.00
0.997	0.001	0.001	0.001
0.001	0.837	0.161	0.001
0.001	0.001	0.001	0.997
0.001	0.878	0.120	0.001
0.001	0.001	0.001	0.997
0.001	0.997	0.001	0.001
0.001	0.001	0.001	0.997
0.997	0.001	0.001	0.001
0.001	0.001	0.001	0.997
0.001	0.001	0.997	0.001
>TGCATAATTT	19-TGCATAATTT	10.296193	-18.070008	0	T:20.0(1.09%),B:107.3(0.22%),P:1e-7	Tpos:410.2,Tstd:216.8,Bpos:304.1,Bstd:185.0,StrandBias:0.6,Multiplicity:1.00
0.100	0.100	0.100	0.700
0.100	0.100	0.700	0.100
0.100	0.700	0.100	0.100
0.700	0.100	0.100	0.100
0.100	0.100	0.100	0.700
0.700	0.100	0.100	0.100
0.700	0.100	0.100	0.100
0.100	0.100	0.100	0.700
0.100	0.100	0.100	0.700
0.100	0.100	0.100	0.700
>GGGGCGAGTC	20-GGGGCGAGTC	10.296193	-17.972611	0	T:6.0(0.33%),B:4.7(0.01%),P:1e-7	Tpos:369.8,Tstd:243.2,Bpos:279.3,Bstd:151.6,StrandBias:2.3,Multiplicity:1.00
0.100	0.100	0.700	0.100
0.100	0.100	0.700	0.100
0.100	0.100	0.700	0.100
0.100	0.100	0.700	0.100
0.100	0.700	0.100	0.100
0.100	0.100	0.700	0.100
0.700	0.100	0.100	0.100
0.100	0.100	0.700	0.100
0.100	0.100	0.100	0.700
0.100	0.700	0.100	0.100
>CWCRCGMATA	21-CWCRCGMATA	9.090685	-17.700999	0	T:5.0(0.27%),B:2.1(0.00%),P:1e-7	Tpos:285.0,Tstd:195.2,Bpos:160.3,Bstd:24.9,StrandBias:-0.4,Multiplicity:1.40
0.001	0.776	0.080	0.143
0.380	0.102	0.118	0.399
0.101	0.621	0.038	0.240
0.406	0.076	0.469	0.049
0.038	0.778	0.158	0.026
0.046	0.200	0.670	0.084
0.426	0.562	0.001	0.011
0.662	0.069	0.030	0.239
0.001	0.188	0.001	0.810
0.690	0.030	0.237	0.043
>GACCAACGCC	22-GACCAACGCC	10.296193	-15.705440	0	T:5.0(0.27%),B:3.6(0.01%),P:1e-6	Tpos:217.4,Tstd:29.9,Bpos:362.4,Bstd:124.7,StrandBias:2.0,Multiplicity:1.00
0.100	0.100	0.700	0.100
0.700	0.100	0.100	0.100
0.100	0.700	0.100	0.100
0.100	0.700	0.100	0.100
0.700	0.100	0.100	0.100
0.700	0.100	0.100	0.100
0.100	0.700	0.100	0.100
0.100	0.100	0.700	0.100
0.100	0.700	0.100	0.100
0.100	0.700	0.100	0.100
>GAAAAAGCGC	23-GAAAAAGCGC	10.296193	-14.712742	0	T:6.0(0.33%),B:8.0(0.02%),P:1e-6	Tpos:370.0,Tstd:68.4,Bpos:454.7,Bstd:134.3,StrandBias:0.0,Multiplicity:1.00
0.100	0.100	0.700	0.100
0.700	0.100	0.100	0.100
0.700	0.100	0.100	0.100
0.700	0.100	0.100	0.100
0.700	0.100	0.100	0.100
0.700	0.100	0.100	0.100
0.100	0.100	0.700	0.100
0.100	0.700	0.100	0.100
0.100	0.100	0.700	0.100
0.100	0.700	0.100	0.100
>TACAGAGCGC	24-TACAGAGCGC	10.296193	-14.298768	0	T:5.0(0.27%),B:4.6(0.01%),P:1e-6	Tpos:332.0,Tstd:161.2,Bpos:352.1,Bstd:111.6,StrandBias:2.0,Multiplicity:1.00
0.100	0.100	0.100	0.700
0.700	0.100	0.100	0.100
0.100	0.700	0.100	0.100
0.700	0.100	0.100	0.100
0.100	0.100	0.700	0.100
0.700	0.100	0.100	0.100
0.100	0.100	0.700	0.100
0.100	0.700	0.100	0.100
0.100	0.100	0.700	0.100
0.100	0.700	0.100	0.100
>CCCCCAGTCG	25-CCCCCAGTCG	10.296193	-12.334830	0	T:5.0(0.27%),B:6.8(0.01%),P:1e-5	Tpos:281.2,Tstd:95.7,Bpos:159.8,Bstd:56.9,StrandBias:2.0,Multiplicity:1.00
0.100	0.700	0.100	0.100
0.100	0.700	0.100	0.100
0.100	0.700	0.100	0.100
0.100	0.700	0.100	0.100
0.100	0.700	0.100	0.100
0.700	0.100	0.100	0.100
0.100	0.100	0.700	0.100
0.100	0.100	0.100	0.700
0.100	0.700	0.100	0.100
0.100	0.100	0.700	0.100
